{
 "cells": [
  {
   "cell_type": "code",
   "execution_count": 1,
   "id": "938b9555-45dd-49de-939a-4aa98d121fa2",
   "metadata": {},
   "outputs": [],
   "source": [
    "import pandas as pd\n",
    "import numpy as np"
   ]
  },
  {
   "cell_type": "code",
   "execution_count": 2,
   "id": "1366c157-4b4d-450d-8849-b1c8c36035c6",
   "metadata": {},
   "outputs": [],
   "source": [
    "df = pd.read_csv('framingham.csv')"
   ]
  },
  {
   "cell_type": "code",
   "execution_count": 3,
   "id": "c2818079-b4cf-47a3-adbf-622c973453c2",
   "metadata": {},
   "outputs": [
    {
     "name": "stdout",
     "output_type": "stream",
     "text": [
      "<class 'pandas.core.frame.DataFrame'>\n",
      "RangeIndex: 4240 entries, 0 to 4239\n",
      "Data columns (total 16 columns):\n",
      " #   Column           Non-Null Count  Dtype  \n",
      "---  ------           --------------  -----  \n",
      " 0   male             4240 non-null   int64  \n",
      " 1   age              4240 non-null   int64  \n",
      " 2   education        4135 non-null   float64\n",
      " 3   currentSmoker    4240 non-null   int64  \n",
      " 4   cigsPerDay       4211 non-null   float64\n",
      " 5   BPMeds           4187 non-null   float64\n",
      " 6   prevalentStroke  4240 non-null   int64  \n",
      " 7   prevalentHyp     4240 non-null   int64  \n",
      " 8   diabetes         4240 non-null   int64  \n",
      " 9   totChol          4190 non-null   float64\n",
      " 10  sysBP            4240 non-null   float64\n",
      " 11  diaBP            4240 non-null   float64\n",
      " 12  BMI              4221 non-null   float64\n",
      " 13  heartRate        4239 non-null   float64\n",
      " 14  glucose          3852 non-null   float64\n",
      " 15  TenYearCHD       4240 non-null   int64  \n",
      "dtypes: float64(9), int64(7)\n",
      "memory usage: 530.1 KB\n"
     ]
    }
   ],
   "source": [
    "df.info()"
   ]
  },
  {
   "cell_type": "code",
   "execution_count": 4,
   "id": "62b963f0-593d-492e-8c4f-56f5a817e70e",
   "metadata": {},
   "outputs": [
    {
     "data": {
      "text/plain": [
       "male                 0\n",
       "age                  0\n",
       "education          105\n",
       "currentSmoker        0\n",
       "cigsPerDay          29\n",
       "BPMeds              53\n",
       "prevalentStroke      0\n",
       "prevalentHyp         0\n",
       "diabetes             0\n",
       "totChol             50\n",
       "sysBP                0\n",
       "diaBP                0\n",
       "BMI                 19\n",
       "heartRate            1\n",
       "glucose            388\n",
       "TenYearCHD           0\n",
       "dtype: int64"
      ]
     },
     "execution_count": 4,
     "metadata": {},
     "output_type": "execute_result"
    }
   ],
   "source": [
    "df.isna().sum()"
   ]
  },
  {
   "cell_type": "code",
   "execution_count": 5,
   "id": "2154c5a4-1ae4-4972-a9c0-7d7f35632d9f",
   "metadata": {},
   "outputs": [],
   "source": [
    "df.dropna(inplace=True)"
   ]
  },
  {
   "cell_type": "code",
   "execution_count": 6,
   "id": "1e06b140-01aa-4cab-928b-3d963b3b8331",
   "metadata": {},
   "outputs": [
    {
     "data": {
      "text/plain": [
       "male               0\n",
       "age                0\n",
       "education          0\n",
       "currentSmoker      0\n",
       "cigsPerDay         0\n",
       "BPMeds             0\n",
       "prevalentStroke    0\n",
       "prevalentHyp       0\n",
       "diabetes           0\n",
       "totChol            0\n",
       "sysBP              0\n",
       "diaBP              0\n",
       "BMI                0\n",
       "heartRate          0\n",
       "glucose            0\n",
       "TenYearCHD         0\n",
       "dtype: int64"
      ]
     },
     "execution_count": 6,
     "metadata": {},
     "output_type": "execute_result"
    }
   ],
   "source": [
    "df.head(3)\n",
    "df.isna().sum()"
   ]
  },
  {
   "cell_type": "code",
   "execution_count": 7,
   "id": "a1c9b8a8-a0df-4e28-87c5-c59e84b41f62",
   "metadata": {},
   "outputs": [
    {
     "data": {
      "text/html": [
       "<div>\n",
       "<style scoped>\n",
       "    .dataframe tbody tr th:only-of-type {\n",
       "        vertical-align: middle;\n",
       "    }\n",
       "\n",
       "    .dataframe tbody tr th {\n",
       "        vertical-align: top;\n",
       "    }\n",
       "\n",
       "    .dataframe thead th {\n",
       "        text-align: right;\n",
       "    }\n",
       "</style>\n",
       "<table border=\"1\" class=\"dataframe\">\n",
       "  <thead>\n",
       "    <tr style=\"text-align: right;\">\n",
       "      <th></th>\n",
       "      <th>male</th>\n",
       "      <th>age</th>\n",
       "      <th>education</th>\n",
       "      <th>currentSmoker</th>\n",
       "      <th>cigsPerDay</th>\n",
       "      <th>BPMeds</th>\n",
       "      <th>prevalentStroke</th>\n",
       "      <th>prevalentHyp</th>\n",
       "      <th>diabetes</th>\n",
       "      <th>totChol</th>\n",
       "      <th>sysBP</th>\n",
       "      <th>diaBP</th>\n",
       "      <th>BMI</th>\n",
       "      <th>heartRate</th>\n",
       "      <th>glucose</th>\n",
       "      <th>TenYearCHD</th>\n",
       "    </tr>\n",
       "  </thead>\n",
       "  <tbody>\n",
       "    <tr>\n",
       "      <th>male</th>\n",
       "      <td>1.000000</td>\n",
       "      <td>-0.024412</td>\n",
       "      <td>0.017729</td>\n",
       "      <td>0.206114</td>\n",
       "      <td>0.330322</td>\n",
       "      <td>-0.052124</td>\n",
       "      <td>-0.002312</td>\n",
       "      <td>0.001424</td>\n",
       "      <td>0.013819</td>\n",
       "      <td>-0.070321</td>\n",
       "      <td>-0.045358</td>\n",
       "      <td>0.051872</td>\n",
       "      <td>0.073111</td>\n",
       "      <td>-0.115285</td>\n",
       "      <td>0.002940</td>\n",
       "      <td>0.091688</td>\n",
       "    </tr>\n",
       "    <tr>\n",
       "      <th>age</th>\n",
       "      <td>-0.024412</td>\n",
       "      <td>1.000000</td>\n",
       "      <td>-0.159499</td>\n",
       "      <td>-0.210771</td>\n",
       "      <td>-0.189295</td>\n",
       "      <td>0.134732</td>\n",
       "      <td>0.050893</td>\n",
       "      <td>0.306239</td>\n",
       "      <td>0.109092</td>\n",
       "      <td>0.268252</td>\n",
       "      <td>0.388267</td>\n",
       "      <td>0.208283</td>\n",
       "      <td>0.137511</td>\n",
       "      <td>-0.002722</td>\n",
       "      <td>0.118349</td>\n",
       "      <td>0.233983</td>\n",
       "    </tr>\n",
       "    <tr>\n",
       "      <th>education</th>\n",
       "      <td>0.017729</td>\n",
       "      <td>-0.159499</td>\n",
       "      <td>1.000000</td>\n",
       "      <td>0.025251</td>\n",
       "      <td>0.013790</td>\n",
       "      <td>-0.013739</td>\n",
       "      <td>-0.030386</td>\n",
       "      <td>-0.078828</td>\n",
       "      <td>-0.039627</td>\n",
       "      <td>-0.013522</td>\n",
       "      <td>-0.124360</td>\n",
       "      <td>-0.058059</td>\n",
       "      <td>-0.137555</td>\n",
       "      <td>-0.064214</td>\n",
       "      <td>-0.031998</td>\n",
       "      <td>-0.063279</td>\n",
       "    </tr>\n",
       "    <tr>\n",
       "      <th>currentSmoker</th>\n",
       "      <td>0.206114</td>\n",
       "      <td>-0.210771</td>\n",
       "      <td>0.025251</td>\n",
       "      <td>1.000000</td>\n",
       "      <td>0.773913</td>\n",
       "      <td>-0.051923</td>\n",
       "      <td>-0.038150</td>\n",
       "      <td>-0.108078</td>\n",
       "      <td>-0.041849</td>\n",
       "      <td>-0.051034</td>\n",
       "      <td>-0.134428</td>\n",
       "      <td>-0.115955</td>\n",
       "      <td>-0.159821</td>\n",
       "      <td>0.050841</td>\n",
       "      <td>-0.053242</td>\n",
       "      <td>0.019165</td>\n",
       "    </tr>\n",
       "    <tr>\n",
       "      <th>cigsPerDay</th>\n",
       "      <td>0.330322</td>\n",
       "      <td>-0.189295</td>\n",
       "      <td>0.013790</td>\n",
       "      <td>0.773913</td>\n",
       "      <td>1.000000</td>\n",
       "      <td>-0.046504</td>\n",
       "      <td>-0.036286</td>\n",
       "      <td>-0.070460</td>\n",
       "      <td>-0.036961</td>\n",
       "      <td>-0.030400</td>\n",
       "      <td>-0.094781</td>\n",
       "      <td>-0.056746</td>\n",
       "      <td>-0.087395</td>\n",
       "      <td>0.064030</td>\n",
       "      <td>-0.053726</td>\n",
       "      <td>0.052014</td>\n",
       "    </tr>\n",
       "    <tr>\n",
       "      <th>BPMeds</th>\n",
       "      <td>-0.052124</td>\n",
       "      <td>0.134732</td>\n",
       "      <td>-0.013739</td>\n",
       "      <td>-0.051923</td>\n",
       "      <td>-0.046504</td>\n",
       "      <td>1.000000</td>\n",
       "      <td>0.113125</td>\n",
       "      <td>0.262910</td>\n",
       "      <td>0.049066</td>\n",
       "      <td>0.094083</td>\n",
       "      <td>0.271263</td>\n",
       "      <td>0.199630</td>\n",
       "      <td>0.105642</td>\n",
       "      <td>0.012889</td>\n",
       "      <td>0.054232</td>\n",
       "      <td>0.089152</td>\n",
       "    </tr>\n",
       "    <tr>\n",
       "      <th>prevalentStroke</th>\n",
       "      <td>-0.002312</td>\n",
       "      <td>0.050893</td>\n",
       "      <td>-0.030386</td>\n",
       "      <td>-0.038150</td>\n",
       "      <td>-0.036286</td>\n",
       "      <td>0.113125</td>\n",
       "      <td>1.000000</td>\n",
       "      <td>0.066057</td>\n",
       "      <td>0.009625</td>\n",
       "      <td>0.012736</td>\n",
       "      <td>0.061070</td>\n",
       "      <td>0.055834</td>\n",
       "      <td>0.036496</td>\n",
       "      <td>-0.017019</td>\n",
       "      <td>0.016061</td>\n",
       "      <td>0.048366</td>\n",
       "    </tr>\n",
       "    <tr>\n",
       "      <th>prevalentHyp</th>\n",
       "      <td>0.001424</td>\n",
       "      <td>0.306239</td>\n",
       "      <td>-0.078828</td>\n",
       "      <td>-0.108078</td>\n",
       "      <td>-0.070460</td>\n",
       "      <td>0.262910</td>\n",
       "      <td>0.066057</td>\n",
       "      <td>1.000000</td>\n",
       "      <td>0.080556</td>\n",
       "      <td>0.166655</td>\n",
       "      <td>0.697675</td>\n",
       "      <td>0.617734</td>\n",
       "      <td>0.302949</td>\n",
       "      <td>0.146818</td>\n",
       "      <td>0.086942</td>\n",
       "      <td>0.181387</td>\n",
       "    </tr>\n",
       "    <tr>\n",
       "      <th>diabetes</th>\n",
       "      <td>0.013819</td>\n",
       "      <td>0.109092</td>\n",
       "      <td>-0.039627</td>\n",
       "      <td>-0.041849</td>\n",
       "      <td>-0.036961</td>\n",
       "      <td>0.049066</td>\n",
       "      <td>0.009625</td>\n",
       "      <td>0.080556</td>\n",
       "      <td>1.000000</td>\n",
       "      <td>0.048451</td>\n",
       "      <td>0.102552</td>\n",
       "      <td>0.050686</td>\n",
       "      <td>0.089009</td>\n",
       "      <td>0.060984</td>\n",
       "      <td>0.614820</td>\n",
       "      <td>0.093431</td>\n",
       "    </tr>\n",
       "    <tr>\n",
       "      <th>totChol</th>\n",
       "      <td>-0.070321</td>\n",
       "      <td>0.268252</td>\n",
       "      <td>-0.013522</td>\n",
       "      <td>-0.051034</td>\n",
       "      <td>-0.030400</td>\n",
       "      <td>0.094083</td>\n",
       "      <td>0.012736</td>\n",
       "      <td>0.166655</td>\n",
       "      <td>0.048451</td>\n",
       "      <td>1.000000</td>\n",
       "      <td>0.219925</td>\n",
       "      <td>0.174422</td>\n",
       "      <td>0.121056</td>\n",
       "      <td>0.093053</td>\n",
       "      <td>0.049884</td>\n",
       "      <td>0.091338</td>\n",
       "    </tr>\n",
       "    <tr>\n",
       "      <th>sysBP</th>\n",
       "      <td>-0.045358</td>\n",
       "      <td>0.388267</td>\n",
       "      <td>-0.124360</td>\n",
       "      <td>-0.134428</td>\n",
       "      <td>-0.094781</td>\n",
       "      <td>0.271263</td>\n",
       "      <td>0.061070</td>\n",
       "      <td>0.697675</td>\n",
       "      <td>0.102552</td>\n",
       "      <td>0.219925</td>\n",
       "      <td>1.000000</td>\n",
       "      <td>0.786669</td>\n",
       "      <td>0.330917</td>\n",
       "      <td>0.184797</td>\n",
       "      <td>0.134651</td>\n",
       "      <td>0.222821</td>\n",
       "    </tr>\n",
       "    <tr>\n",
       "      <th>diaBP</th>\n",
       "      <td>0.051872</td>\n",
       "      <td>0.208283</td>\n",
       "      <td>-0.058059</td>\n",
       "      <td>-0.115955</td>\n",
       "      <td>-0.056746</td>\n",
       "      <td>0.199630</td>\n",
       "      <td>0.055834</td>\n",
       "      <td>0.617734</td>\n",
       "      <td>0.050686</td>\n",
       "      <td>0.174422</td>\n",
       "      <td>0.786669</td>\n",
       "      <td>1.000000</td>\n",
       "      <td>0.385348</td>\n",
       "      <td>0.178744</td>\n",
       "      <td>0.063540</td>\n",
       "      <td>0.150124</td>\n",
       "    </tr>\n",
       "    <tr>\n",
       "      <th>BMI</th>\n",
       "      <td>0.073111</td>\n",
       "      <td>0.137511</td>\n",
       "      <td>-0.137555</td>\n",
       "      <td>-0.159821</td>\n",
       "      <td>-0.087395</td>\n",
       "      <td>0.105642</td>\n",
       "      <td>0.036496</td>\n",
       "      <td>0.302949</td>\n",
       "      <td>0.089009</td>\n",
       "      <td>0.121056</td>\n",
       "      <td>0.330917</td>\n",
       "      <td>0.385348</td>\n",
       "      <td>1.000000</td>\n",
       "      <td>0.074131</td>\n",
       "      <td>0.083683</td>\n",
       "      <td>0.082055</td>\n",
       "    </tr>\n",
       "    <tr>\n",
       "      <th>heartRate</th>\n",
       "      <td>-0.115285</td>\n",
       "      <td>-0.002722</td>\n",
       "      <td>-0.064214</td>\n",
       "      <td>0.050841</td>\n",
       "      <td>0.064030</td>\n",
       "      <td>0.012889</td>\n",
       "      <td>-0.017019</td>\n",
       "      <td>0.146818</td>\n",
       "      <td>0.060984</td>\n",
       "      <td>0.093053</td>\n",
       "      <td>0.184797</td>\n",
       "      <td>0.178744</td>\n",
       "      <td>0.074131</td>\n",
       "      <td>1.000000</td>\n",
       "      <td>0.097074</td>\n",
       "      <td>0.020514</td>\n",
       "    </tr>\n",
       "    <tr>\n",
       "      <th>glucose</th>\n",
       "      <td>0.002940</td>\n",
       "      <td>0.118349</td>\n",
       "      <td>-0.031998</td>\n",
       "      <td>-0.053242</td>\n",
       "      <td>-0.053726</td>\n",
       "      <td>0.054232</td>\n",
       "      <td>0.016061</td>\n",
       "      <td>0.086942</td>\n",
       "      <td>0.614820</td>\n",
       "      <td>0.049884</td>\n",
       "      <td>0.134651</td>\n",
       "      <td>0.063540</td>\n",
       "      <td>0.083683</td>\n",
       "      <td>0.097074</td>\n",
       "      <td>1.000000</td>\n",
       "      <td>0.121990</td>\n",
       "    </tr>\n",
       "    <tr>\n",
       "      <th>TenYearCHD</th>\n",
       "      <td>0.091688</td>\n",
       "      <td>0.233983</td>\n",
       "      <td>-0.063279</td>\n",
       "      <td>0.019165</td>\n",
       "      <td>0.052014</td>\n",
       "      <td>0.089152</td>\n",
       "      <td>0.048366</td>\n",
       "      <td>0.181387</td>\n",
       "      <td>0.093431</td>\n",
       "      <td>0.091338</td>\n",
       "      <td>0.222821</td>\n",
       "      <td>0.150124</td>\n",
       "      <td>0.082055</td>\n",
       "      <td>0.020514</td>\n",
       "      <td>0.121990</td>\n",
       "      <td>1.000000</td>\n",
       "    </tr>\n",
       "  </tbody>\n",
       "</table>\n",
       "</div>"
      ],
      "text/plain": [
       "                     male       age  education  currentSmoker  cigsPerDay  \\\n",
       "male             1.000000 -0.024412   0.017729       0.206114    0.330322   \n",
       "age             -0.024412  1.000000  -0.159499      -0.210771   -0.189295   \n",
       "education        0.017729 -0.159499   1.000000       0.025251    0.013790   \n",
       "currentSmoker    0.206114 -0.210771   0.025251       1.000000    0.773913   \n",
       "cigsPerDay       0.330322 -0.189295   0.013790       0.773913    1.000000   \n",
       "BPMeds          -0.052124  0.134732  -0.013739      -0.051923   -0.046504   \n",
       "prevalentStroke -0.002312  0.050893  -0.030386      -0.038150   -0.036286   \n",
       "prevalentHyp     0.001424  0.306239  -0.078828      -0.108078   -0.070460   \n",
       "diabetes         0.013819  0.109092  -0.039627      -0.041849   -0.036961   \n",
       "totChol         -0.070321  0.268252  -0.013522      -0.051034   -0.030400   \n",
       "sysBP           -0.045358  0.388267  -0.124360      -0.134428   -0.094781   \n",
       "diaBP            0.051872  0.208283  -0.058059      -0.115955   -0.056746   \n",
       "BMI              0.073111  0.137511  -0.137555      -0.159821   -0.087395   \n",
       "heartRate       -0.115285 -0.002722  -0.064214       0.050841    0.064030   \n",
       "glucose          0.002940  0.118349  -0.031998      -0.053242   -0.053726   \n",
       "TenYearCHD       0.091688  0.233983  -0.063279       0.019165    0.052014   \n",
       "\n",
       "                   BPMeds  prevalentStroke  prevalentHyp  diabetes   totChol  \\\n",
       "male            -0.052124        -0.002312      0.001424  0.013819 -0.070321   \n",
       "age              0.134732         0.050893      0.306239  0.109092  0.268252   \n",
       "education       -0.013739        -0.030386     -0.078828 -0.039627 -0.013522   \n",
       "currentSmoker   -0.051923        -0.038150     -0.108078 -0.041849 -0.051034   \n",
       "cigsPerDay      -0.046504        -0.036286     -0.070460 -0.036961 -0.030400   \n",
       "BPMeds           1.000000         0.113125      0.262910  0.049066  0.094083   \n",
       "prevalentStroke  0.113125         1.000000      0.066057  0.009625  0.012736   \n",
       "prevalentHyp     0.262910         0.066057      1.000000  0.080556  0.166655   \n",
       "diabetes         0.049066         0.009625      0.080556  1.000000  0.048451   \n",
       "totChol          0.094083         0.012736      0.166655  0.048451  1.000000   \n",
       "sysBP            0.271263         0.061070      0.697675  0.102552  0.219925   \n",
       "diaBP            0.199630         0.055834      0.617734  0.050686  0.174422   \n",
       "BMI              0.105642         0.036496      0.302949  0.089009  0.121056   \n",
       "heartRate        0.012889        -0.017019      0.146818  0.060984  0.093053   \n",
       "glucose          0.054232         0.016061      0.086942  0.614820  0.049884   \n",
       "TenYearCHD       0.089152         0.048366      0.181387  0.093431  0.091338   \n",
       "\n",
       "                    sysBP     diaBP       BMI  heartRate   glucose  TenYearCHD  \n",
       "male            -0.045358  0.051872  0.073111  -0.115285  0.002940    0.091688  \n",
       "age              0.388267  0.208283  0.137511  -0.002722  0.118349    0.233983  \n",
       "education       -0.124360 -0.058059 -0.137555  -0.064214 -0.031998   -0.063279  \n",
       "currentSmoker   -0.134428 -0.115955 -0.159821   0.050841 -0.053242    0.019165  \n",
       "cigsPerDay      -0.094781 -0.056746 -0.087395   0.064030 -0.053726    0.052014  \n",
       "BPMeds           0.271263  0.199630  0.105642   0.012889  0.054232    0.089152  \n",
       "prevalentStroke  0.061070  0.055834  0.036496  -0.017019  0.016061    0.048366  \n",
       "prevalentHyp     0.697675  0.617734  0.302949   0.146818  0.086942    0.181387  \n",
       "diabetes         0.102552  0.050686  0.089009   0.060984  0.614820    0.093431  \n",
       "totChol          0.219925  0.174422  0.121056   0.093053  0.049884    0.091338  \n",
       "sysBP            1.000000  0.786669  0.330917   0.184797  0.134651    0.222821  \n",
       "diaBP            0.786669  1.000000  0.385348   0.178744  0.063540    0.150124  \n",
       "BMI              0.330917  0.385348  1.000000   0.074131  0.083683    0.082055  \n",
       "heartRate        0.184797  0.178744  0.074131   1.000000  0.097074    0.020514  \n",
       "glucose          0.134651  0.063540  0.083683   0.097074  1.000000    0.121990  \n",
       "TenYearCHD       0.222821  0.150124  0.082055   0.020514  0.121990    1.000000  "
      ]
     },
     "execution_count": 7,
     "metadata": {},
     "output_type": "execute_result"
    }
   ],
   "source": [
    "df.corr()"
   ]
  },
  {
   "cell_type": "code",
   "execution_count": null,
   "id": "82056608-c6ec-4f13-8c3f-a4df03b02720",
   "metadata": {},
   "outputs": [],
   "source": []
  },
  {
   "cell_type": "code",
   "execution_count": 8,
   "id": "c3c7ede2-4d41-45d7-b0a6-6f50003be641",
   "metadata": {},
   "outputs": [],
   "source": [
    "X = df.drop(\"TenYearCHD\", axis =1)\n",
    "Y = df['TenYearCHD']"
   ]
  },
  {
   "cell_type": "code",
   "execution_count": 9,
   "id": "ffe69630-57e4-4c60-bff8-18065bfcf683",
   "metadata": {},
   "outputs": [],
   "source": [
    "from sklearn.model_selection import train_test_split\n",
    "x_train, x_test, y_train, y_test = train_test_split(X, Y, train_size=0.7, random_state=12345)"
   ]
  },
  {
   "cell_type": "code",
   "execution_count": 10,
   "id": "4bfc830a-a180-4fe9-8f62-eaa79381af73",
   "metadata": {},
   "outputs": [],
   "source": [
    "def build_DT():\n",
    "    from sklearn.tree import DecisionTreeClassifier\n",
    "    model = DecisionTreeClassifier()\n",
    "    model.fit(x_train, y_train)\n",
    "    return model"
   ]
  },
  {
   "cell_type": "code",
   "execution_count": 11,
   "id": "369ea1e6-4c4d-4038-bfa7-185d6027caeb",
   "metadata": {},
   "outputs": [],
   "source": [
    "def build_RF():\n",
    "    from sklearn.ensemble import RandomForestClassifier\n",
    "    model = RandomForestClassifier()\n",
    "    model.fit(x_train, y_train)\n",
    "    return model"
   ]
  },
  {
   "cell_type": "code",
   "execution_count": 12,
   "id": "c9262b7b-bb01-47b9-a8a2-26e95460e34b",
   "metadata": {},
   "outputs": [],
   "source": [
    "def build_CB():\n",
    "    from catboost import CatBoostClassifier\n",
    "    model = CatBoostClassifier()\n",
    "    model.fit(x_train, y_train)\n",
    "    return model"
   ]
  },
  {
   "cell_type": "code",
   "execution_count": 13,
   "id": "45f7b5f6-ab74-4991-a34a-9087c6b5aabf",
   "metadata": {},
   "outputs": [],
   "source": [
    "def build_XGB():\n",
    "    from xgboost import XGBClassifier\n",
    "    model = XGBClassifier()\n",
    "    model.fit(x_train, y_train)\n",
    "    return model"
   ]
  },
  {
   "cell_type": "code",
   "execution_count": 14,
   "id": "01bdb552-d7c3-4367-8c8d-e7334fde83cd",
   "metadata": {},
   "outputs": [
    {
     "name": "stdout",
     "output_type": "stream",
     "text": [
      "Learning rate set to 0.01539\n",
      "0:\tlearn: 0.6831836\ttotal: 150ms\tremaining: 2m 29s\n",
      "1:\tlearn: 0.6726267\ttotal: 155ms\tremaining: 1m 17s\n",
      "2:\tlearn: 0.6631949\ttotal: 160ms\tremaining: 53.2s\n",
      "3:\tlearn: 0.6530344\ttotal: 165ms\tremaining: 41.2s\n",
      "4:\tlearn: 0.6431428\ttotal: 171ms\tremaining: 34s\n",
      "5:\tlearn: 0.6341827\ttotal: 176ms\tremaining: 29.2s\n",
      "6:\tlearn: 0.6253315\ttotal: 182ms\tremaining: 25.8s\n",
      "7:\tlearn: 0.6166489\ttotal: 187ms\tremaining: 23.2s\n",
      "8:\tlearn: 0.6089499\ttotal: 191ms\tremaining: 21.1s\n",
      "9:\tlearn: 0.6013115\ttotal: 197ms\tremaining: 19.5s\n",
      "10:\tlearn: 0.5935430\ttotal: 202ms\tremaining: 18.2s\n",
      "11:\tlearn: 0.5859456\ttotal: 208ms\tremaining: 17.1s\n",
      "12:\tlearn: 0.5788718\ttotal: 214ms\tremaining: 16.2s\n",
      "13:\tlearn: 0.5728720\ttotal: 219ms\tremaining: 15.4s\n",
      "14:\tlearn: 0.5672088\ttotal: 225ms\tremaining: 14.8s\n",
      "15:\tlearn: 0.5613729\ttotal: 231ms\tremaining: 14.2s\n",
      "16:\tlearn: 0.5555400\ttotal: 238ms\tremaining: 13.7s\n",
      "17:\tlearn: 0.5494746\ttotal: 244ms\tremaining: 13.3s\n",
      "18:\tlearn: 0.5439943\ttotal: 250ms\tremaining: 12.9s\n",
      "19:\tlearn: 0.5385379\ttotal: 255ms\tremaining: 12.5s\n",
      "20:\tlearn: 0.5337147\ttotal: 261ms\tremaining: 12.2s\n",
      "21:\tlearn: 0.5287817\ttotal: 266ms\tremaining: 11.8s\n",
      "22:\tlearn: 0.5241612\ttotal: 272ms\tremaining: 11.5s\n",
      "23:\tlearn: 0.5190226\ttotal: 278ms\tremaining: 11.3s\n",
      "24:\tlearn: 0.5148088\ttotal: 284ms\tremaining: 11.1s\n",
      "25:\tlearn: 0.5104915\ttotal: 289ms\tremaining: 10.8s\n",
      "26:\tlearn: 0.5061876\ttotal: 295ms\tremaining: 10.6s\n",
      "27:\tlearn: 0.5017792\ttotal: 300ms\tremaining: 10.4s\n",
      "28:\tlearn: 0.4978755\ttotal: 306ms\tremaining: 10.2s\n",
      "29:\tlearn: 0.4937199\ttotal: 311ms\tremaining: 10s\n",
      "30:\tlearn: 0.4894003\ttotal: 316ms\tremaining: 9.87s\n",
      "31:\tlearn: 0.4854298\ttotal: 321ms\tremaining: 9.7s\n",
      "32:\tlearn: 0.4821936\ttotal: 326ms\tremaining: 9.54s\n",
      "33:\tlearn: 0.4786902\ttotal: 331ms\tremaining: 9.4s\n",
      "34:\tlearn: 0.4751728\ttotal: 336ms\tremaining: 9.26s\n",
      "35:\tlearn: 0.4721797\ttotal: 340ms\tremaining: 9.11s\n",
      "36:\tlearn: 0.4691015\ttotal: 345ms\tremaining: 8.98s\n",
      "37:\tlearn: 0.4658055\ttotal: 350ms\tremaining: 8.86s\n",
      "38:\tlearn: 0.4630020\ttotal: 355ms\tremaining: 8.74s\n",
      "39:\tlearn: 0.4604752\ttotal: 359ms\tremaining: 8.63s\n",
      "40:\tlearn: 0.4575816\ttotal: 364ms\tremaining: 8.52s\n",
      "41:\tlearn: 0.4552387\ttotal: 369ms\tremaining: 8.41s\n",
      "42:\tlearn: 0.4527203\ttotal: 372ms\tremaining: 8.29s\n",
      "43:\tlearn: 0.4499088\ttotal: 377ms\tremaining: 8.2s\n",
      "44:\tlearn: 0.4472233\ttotal: 382ms\tremaining: 8.1s\n",
      "45:\tlearn: 0.4447659\ttotal: 386ms\tremaining: 8.02s\n",
      "46:\tlearn: 0.4425817\ttotal: 391ms\tremaining: 7.93s\n",
      "47:\tlearn: 0.4400202\ttotal: 396ms\tremaining: 7.85s\n",
      "48:\tlearn: 0.4376440\ttotal: 401ms\tremaining: 7.78s\n",
      "49:\tlearn: 0.4360130\ttotal: 406ms\tremaining: 7.72s\n",
      "50:\tlearn: 0.4341025\ttotal: 412ms\tremaining: 7.66s\n",
      "51:\tlearn: 0.4324225\ttotal: 417ms\tremaining: 7.6s\n",
      "52:\tlearn: 0.4304899\ttotal: 422ms\tremaining: 7.54s\n",
      "53:\tlearn: 0.4287857\ttotal: 427ms\tremaining: 7.49s\n",
      "54:\tlearn: 0.4267938\ttotal: 433ms\tremaining: 7.44s\n",
      "55:\tlearn: 0.4251946\ttotal: 438ms\tremaining: 7.38s\n",
      "56:\tlearn: 0.4232007\ttotal: 442ms\tremaining: 7.32s\n",
      "57:\tlearn: 0.4213104\ttotal: 447ms\tremaining: 7.26s\n",
      "58:\tlearn: 0.4193686\ttotal: 452ms\tremaining: 7.21s\n",
      "59:\tlearn: 0.4179901\ttotal: 457ms\tremaining: 7.15s\n",
      "60:\tlearn: 0.4162433\ttotal: 461ms\tremaining: 7.1s\n",
      "61:\tlearn: 0.4144532\ttotal: 466ms\tremaining: 7.05s\n",
      "62:\tlearn: 0.4128432\ttotal: 471ms\tremaining: 7.01s\n",
      "63:\tlearn: 0.4112905\ttotal: 476ms\tremaining: 6.97s\n",
      "64:\tlearn: 0.4100309\ttotal: 481ms\tremaining: 6.92s\n",
      "65:\tlearn: 0.4086633\ttotal: 486ms\tremaining: 6.88s\n",
      "66:\tlearn: 0.4075770\ttotal: 491ms\tremaining: 6.84s\n",
      "67:\tlearn: 0.4060739\ttotal: 496ms\tremaining: 6.8s\n",
      "68:\tlearn: 0.4048163\ttotal: 501ms\tremaining: 6.76s\n",
      "69:\tlearn: 0.4037640\ttotal: 506ms\tremaining: 6.72s\n",
      "70:\tlearn: 0.4022528\ttotal: 512ms\tremaining: 6.69s\n",
      "71:\tlearn: 0.4010822\ttotal: 517ms\tremaining: 6.66s\n",
      "72:\tlearn: 0.3998789\ttotal: 522ms\tremaining: 6.63s\n",
      "73:\tlearn: 0.3986780\ttotal: 527ms\tremaining: 6.59s\n",
      "74:\tlearn: 0.3977596\ttotal: 532ms\tremaining: 6.56s\n",
      "75:\tlearn: 0.3968951\ttotal: 537ms\tremaining: 6.53s\n",
      "76:\tlearn: 0.3957444\ttotal: 542ms\tremaining: 6.49s\n",
      "77:\tlearn: 0.3948617\ttotal: 546ms\tremaining: 6.46s\n",
      "78:\tlearn: 0.3939968\ttotal: 551ms\tremaining: 6.42s\n",
      "79:\tlearn: 0.3927814\ttotal: 556ms\tremaining: 6.39s\n",
      "80:\tlearn: 0.3917746\ttotal: 560ms\tremaining: 6.36s\n",
      "81:\tlearn: 0.3907510\ttotal: 566ms\tremaining: 6.33s\n",
      "82:\tlearn: 0.3901017\ttotal: 572ms\tremaining: 6.32s\n",
      "83:\tlearn: 0.3893382\ttotal: 577ms\tremaining: 6.29s\n",
      "84:\tlearn: 0.3885139\ttotal: 582ms\tremaining: 6.26s\n",
      "85:\tlearn: 0.3875838\ttotal: 587ms\tremaining: 6.23s\n",
      "86:\tlearn: 0.3868648\ttotal: 591ms\tremaining: 6.21s\n",
      "87:\tlearn: 0.3861464\ttotal: 596ms\tremaining: 6.18s\n",
      "88:\tlearn: 0.3855768\ttotal: 601ms\tremaining: 6.15s\n",
      "89:\tlearn: 0.3847540\ttotal: 607ms\tremaining: 6.13s\n",
      "90:\tlearn: 0.3843102\ttotal: 613ms\tremaining: 6.12s\n",
      "91:\tlearn: 0.3837745\ttotal: 619ms\tremaining: 6.1s\n",
      "92:\tlearn: 0.3832059\ttotal: 624ms\tremaining: 6.09s\n",
      "93:\tlearn: 0.3824706\ttotal: 630ms\tremaining: 6.08s\n",
      "94:\tlearn: 0.3819151\ttotal: 636ms\tremaining: 6.05s\n",
      "95:\tlearn: 0.3812109\ttotal: 642ms\tremaining: 6.04s\n",
      "96:\tlearn: 0.3808263\ttotal: 647ms\tremaining: 6.03s\n",
      "97:\tlearn: 0.3801674\ttotal: 653ms\tremaining: 6.01s\n",
      "98:\tlearn: 0.3797292\ttotal: 658ms\tremaining: 5.99s\n",
      "99:\tlearn: 0.3790590\ttotal: 663ms\tremaining: 5.96s\n",
      "100:\tlearn: 0.3784097\ttotal: 668ms\tremaining: 5.95s\n",
      "101:\tlearn: 0.3777896\ttotal: 674ms\tremaining: 5.94s\n",
      "102:\tlearn: 0.3771012\ttotal: 679ms\tremaining: 5.92s\n",
      "103:\tlearn: 0.3765366\ttotal: 684ms\tremaining: 5.89s\n",
      "104:\tlearn: 0.3758850\ttotal: 689ms\tremaining: 5.87s\n",
      "105:\tlearn: 0.3754731\ttotal: 694ms\tremaining: 5.85s\n",
      "106:\tlearn: 0.3749277\ttotal: 698ms\tremaining: 5.83s\n",
      "107:\tlearn: 0.3743921\ttotal: 703ms\tremaining: 5.81s\n",
      "108:\tlearn: 0.3738740\ttotal: 709ms\tremaining: 5.8s\n",
      "109:\tlearn: 0.3732679\ttotal: 714ms\tremaining: 5.78s\n",
      "110:\tlearn: 0.3727366\ttotal: 720ms\tremaining: 5.76s\n",
      "111:\tlearn: 0.3720674\ttotal: 725ms\tremaining: 5.75s\n",
      "112:\tlearn: 0.3715535\ttotal: 730ms\tremaining: 5.73s\n",
      "113:\tlearn: 0.3711935\ttotal: 734ms\tremaining: 5.71s\n",
      "114:\tlearn: 0.3707659\ttotal: 739ms\tremaining: 5.69s\n",
      "115:\tlearn: 0.3702298\ttotal: 744ms\tremaining: 5.67s\n",
      "116:\tlearn: 0.3696976\ttotal: 749ms\tremaining: 5.65s\n",
      "117:\tlearn: 0.3690781\ttotal: 753ms\tremaining: 5.63s\n",
      "118:\tlearn: 0.3686824\ttotal: 759ms\tremaining: 5.62s\n",
      "119:\tlearn: 0.3682253\ttotal: 764ms\tremaining: 5.6s\n",
      "120:\tlearn: 0.3678056\ttotal: 769ms\tremaining: 5.58s\n",
      "121:\tlearn: 0.3674130\ttotal: 773ms\tremaining: 5.57s\n",
      "122:\tlearn: 0.3670630\ttotal: 778ms\tremaining: 5.55s\n",
      "123:\tlearn: 0.3666155\ttotal: 783ms\tremaining: 5.53s\n",
      "124:\tlearn: 0.3661652\ttotal: 789ms\tremaining: 5.52s\n",
      "125:\tlearn: 0.3657862\ttotal: 794ms\tremaining: 5.5s\n",
      "126:\tlearn: 0.3654409\ttotal: 799ms\tremaining: 5.49s\n",
      "127:\tlearn: 0.3648568\ttotal: 804ms\tremaining: 5.47s\n",
      "128:\tlearn: 0.3643963\ttotal: 809ms\tremaining: 5.46s\n",
      "129:\tlearn: 0.3639036\ttotal: 815ms\tremaining: 5.45s\n",
      "130:\tlearn: 0.3637653\ttotal: 819ms\tremaining: 5.43s\n",
      "131:\tlearn: 0.3635060\ttotal: 824ms\tremaining: 5.42s\n",
      "132:\tlearn: 0.3631484\ttotal: 830ms\tremaining: 5.41s\n",
      "133:\tlearn: 0.3624724\ttotal: 835ms\tremaining: 5.4s\n",
      "134:\tlearn: 0.3621538\ttotal: 841ms\tremaining: 5.39s\n",
      "135:\tlearn: 0.3618375\ttotal: 846ms\tremaining: 5.38s\n",
      "136:\tlearn: 0.3615087\ttotal: 851ms\tremaining: 5.36s\n",
      "137:\tlearn: 0.3612108\ttotal: 856ms\tremaining: 5.35s\n",
      "138:\tlearn: 0.3610047\ttotal: 861ms\tremaining: 5.33s\n",
      "139:\tlearn: 0.3607408\ttotal: 866ms\tremaining: 5.32s\n",
      "140:\tlearn: 0.3603541\ttotal: 871ms\tremaining: 5.3s\n",
      "141:\tlearn: 0.3599321\ttotal: 875ms\tremaining: 5.29s\n",
      "142:\tlearn: 0.3595752\ttotal: 880ms\tremaining: 5.27s\n",
      "143:\tlearn: 0.3593323\ttotal: 885ms\tremaining: 5.26s\n",
      "144:\tlearn: 0.3589462\ttotal: 890ms\tremaining: 5.25s\n",
      "145:\tlearn: 0.3585896\ttotal: 895ms\tremaining: 5.23s\n",
      "146:\tlearn: 0.3582854\ttotal: 899ms\tremaining: 5.22s\n",
      "147:\tlearn: 0.3580353\ttotal: 904ms\tremaining: 5.2s\n",
      "148:\tlearn: 0.3577691\ttotal: 908ms\tremaining: 5.19s\n",
      "149:\tlearn: 0.3574985\ttotal: 913ms\tremaining: 5.17s\n",
      "150:\tlearn: 0.3573419\ttotal: 918ms\tremaining: 5.16s\n",
      "151:\tlearn: 0.3568506\ttotal: 923ms\tremaining: 5.15s\n",
      "152:\tlearn: 0.3565973\ttotal: 927ms\tremaining: 5.13s\n",
      "153:\tlearn: 0.3564405\ttotal: 932ms\tremaining: 5.12s\n",
      "154:\tlearn: 0.3560695\ttotal: 937ms\tremaining: 5.11s\n",
      "155:\tlearn: 0.3557942\ttotal: 941ms\tremaining: 5.09s\n",
      "156:\tlearn: 0.3554609\ttotal: 947ms\tremaining: 5.08s\n",
      "157:\tlearn: 0.3551845\ttotal: 952ms\tremaining: 5.07s\n",
      "158:\tlearn: 0.3548934\ttotal: 956ms\tremaining: 5.06s\n",
      "159:\tlearn: 0.3545354\ttotal: 961ms\tremaining: 5.04s\n",
      "160:\tlearn: 0.3543522\ttotal: 966ms\tremaining: 5.03s\n",
      "161:\tlearn: 0.3541418\ttotal: 971ms\tremaining: 5.02s\n",
      "162:\tlearn: 0.3538400\ttotal: 975ms\tremaining: 5.01s\n",
      "163:\tlearn: 0.3536144\ttotal: 980ms\tremaining: 5s\n",
      "164:\tlearn: 0.3532393\ttotal: 985ms\tremaining: 4.98s\n",
      "165:\tlearn: 0.3530925\ttotal: 990ms\tremaining: 4.97s\n",
      "166:\tlearn: 0.3527726\ttotal: 995ms\tremaining: 4.96s\n",
      "167:\tlearn: 0.3525018\ttotal: 999ms\tremaining: 4.95s\n",
      "168:\tlearn: 0.3522454\ttotal: 1s\tremaining: 4.94s\n",
      "169:\tlearn: 0.3520807\ttotal: 1.01s\tremaining: 4.93s\n",
      "170:\tlearn: 0.3517365\ttotal: 1.02s\tremaining: 4.93s\n",
      "171:\tlearn: 0.3513480\ttotal: 1.02s\tremaining: 4.92s\n",
      "172:\tlearn: 0.3511906\ttotal: 1.03s\tremaining: 4.91s\n",
      "173:\tlearn: 0.3510374\ttotal: 1.03s\tremaining: 4.9s\n",
      "174:\tlearn: 0.3507085\ttotal: 1.04s\tremaining: 4.89s\n",
      "175:\tlearn: 0.3505489\ttotal: 1.04s\tremaining: 4.88s\n",
      "176:\tlearn: 0.3502984\ttotal: 1.05s\tremaining: 4.87s\n",
      "177:\tlearn: 0.3500474\ttotal: 1.05s\tremaining: 4.86s\n",
      "178:\tlearn: 0.3498889\ttotal: 1.06s\tremaining: 4.84s\n",
      "179:\tlearn: 0.3497276\ttotal: 1.06s\tremaining: 4.83s\n",
      "180:\tlearn: 0.3494647\ttotal: 1.06s\tremaining: 4.82s\n",
      "181:\tlearn: 0.3491959\ttotal: 1.07s\tremaining: 4.81s\n",
      "182:\tlearn: 0.3489368\ttotal: 1.07s\tremaining: 4.8s\n",
      "183:\tlearn: 0.3487569\ttotal: 1.08s\tremaining: 4.79s\n",
      "184:\tlearn: 0.3485474\ttotal: 1.08s\tremaining: 4.78s\n",
      "185:\tlearn: 0.3484155\ttotal: 1.09s\tremaining: 4.77s\n",
      "186:\tlearn: 0.3480599\ttotal: 1.09s\tremaining: 4.76s\n",
      "187:\tlearn: 0.3479253\ttotal: 1.1s\tremaining: 4.75s\n",
      "188:\tlearn: 0.3476252\ttotal: 1.1s\tremaining: 4.74s\n",
      "189:\tlearn: 0.3474446\ttotal: 1.11s\tremaining: 4.73s\n",
      "190:\tlearn: 0.3473216\ttotal: 1.11s\tremaining: 4.72s\n",
      "191:\tlearn: 0.3471096\ttotal: 1.12s\tremaining: 4.71s\n",
      "192:\tlearn: 0.3468434\ttotal: 1.12s\tremaining: 4.7s\n",
      "193:\tlearn: 0.3466153\ttotal: 1.13s\tremaining: 4.68s\n",
      "194:\tlearn: 0.3464889\ttotal: 1.13s\tremaining: 4.67s\n",
      "195:\tlearn: 0.3461839\ttotal: 1.14s\tremaining: 4.66s\n",
      "196:\tlearn: 0.3459890\ttotal: 1.14s\tremaining: 4.66s\n",
      "197:\tlearn: 0.3458053\ttotal: 1.15s\tremaining: 4.64s\n",
      "198:\tlearn: 0.3456590\ttotal: 1.15s\tremaining: 4.63s\n",
      "199:\tlearn: 0.3454987\ttotal: 1.16s\tremaining: 4.62s\n",
      "200:\tlearn: 0.3452044\ttotal: 1.16s\tremaining: 4.62s\n",
      "201:\tlearn: 0.3450758\ttotal: 1.17s\tremaining: 4.6s\n",
      "202:\tlearn: 0.3449337\ttotal: 1.17s\tremaining: 4.59s\n",
      "203:\tlearn: 0.3447943\ttotal: 1.17s\tremaining: 4.58s\n",
      "204:\tlearn: 0.3446275\ttotal: 1.18s\tremaining: 4.57s\n",
      "205:\tlearn: 0.3443551\ttotal: 1.18s\tremaining: 4.56s\n",
      "206:\tlearn: 0.3441629\ttotal: 1.19s\tremaining: 4.55s\n",
      "207:\tlearn: 0.3438494\ttotal: 1.19s\tremaining: 4.54s\n",
      "208:\tlearn: 0.3436162\ttotal: 1.2s\tremaining: 4.53s\n",
      "209:\tlearn: 0.3434271\ttotal: 1.2s\tremaining: 4.51s\n",
      "210:\tlearn: 0.3433204\ttotal: 1.21s\tremaining: 4.51s\n",
      "211:\tlearn: 0.3430656\ttotal: 1.21s\tremaining: 4.5s\n",
      "212:\tlearn: 0.3429085\ttotal: 1.22s\tremaining: 4.49s\n",
      "213:\tlearn: 0.3428262\ttotal: 1.22s\tremaining: 4.48s\n",
      "214:\tlearn: 0.3425605\ttotal: 1.22s\tremaining: 4.47s\n",
      "215:\tlearn: 0.3424349\ttotal: 1.23s\tremaining: 4.46s\n",
      "216:\tlearn: 0.3422088\ttotal: 1.23s\tremaining: 4.45s\n",
      "217:\tlearn: 0.3421024\ttotal: 1.24s\tremaining: 4.44s\n",
      "218:\tlearn: 0.3419540\ttotal: 1.24s\tremaining: 4.43s\n",
      "219:\tlearn: 0.3417519\ttotal: 1.25s\tremaining: 4.42s\n",
      "220:\tlearn: 0.3416111\ttotal: 1.25s\tremaining: 4.41s\n",
      "221:\tlearn: 0.3414260\ttotal: 1.25s\tremaining: 4.4s\n",
      "222:\tlearn: 0.3409557\ttotal: 1.26s\tremaining: 4.39s\n",
      "223:\tlearn: 0.3405427\ttotal: 1.26s\tremaining: 4.38s\n",
      "224:\tlearn: 0.3402480\ttotal: 1.27s\tremaining: 4.37s\n",
      "225:\tlearn: 0.3400707\ttotal: 1.27s\tremaining: 4.36s\n",
      "226:\tlearn: 0.3398931\ttotal: 1.28s\tremaining: 4.35s\n",
      "227:\tlearn: 0.3398058\ttotal: 1.28s\tremaining: 4.33s\n",
      "228:\tlearn: 0.3397140\ttotal: 1.28s\tremaining: 4.33s\n",
      "229:\tlearn: 0.3394622\ttotal: 1.29s\tremaining: 4.31s\n",
      "230:\tlearn: 0.3392797\ttotal: 1.29s\tremaining: 4.3s\n",
      "231:\tlearn: 0.3391423\ttotal: 1.3s\tremaining: 4.29s\n",
      "232:\tlearn: 0.3388889\ttotal: 1.3s\tremaining: 4.29s\n",
      "233:\tlearn: 0.3387692\ttotal: 1.31s\tremaining: 4.28s\n",
      "234:\tlearn: 0.3386142\ttotal: 1.31s\tremaining: 4.26s\n",
      "235:\tlearn: 0.3385193\ttotal: 1.31s\tremaining: 4.25s\n",
      "236:\tlearn: 0.3381970\ttotal: 1.32s\tremaining: 4.25s\n",
      "237:\tlearn: 0.3379786\ttotal: 1.32s\tremaining: 4.24s\n",
      "238:\tlearn: 0.3377324\ttotal: 1.33s\tremaining: 4.23s\n",
      "239:\tlearn: 0.3375972\ttotal: 1.33s\tremaining: 4.22s\n",
      "240:\tlearn: 0.3374996\ttotal: 1.34s\tremaining: 4.21s\n",
      "241:\tlearn: 0.3373361\ttotal: 1.34s\tremaining: 4.2s\n",
      "242:\tlearn: 0.3371675\ttotal: 1.34s\tremaining: 4.19s\n",
      "243:\tlearn: 0.3370366\ttotal: 1.35s\tremaining: 4.18s\n",
      "244:\tlearn: 0.3369226\ttotal: 1.35s\tremaining: 4.17s\n",
      "245:\tlearn: 0.3367241\ttotal: 1.36s\tremaining: 4.16s\n",
      "246:\tlearn: 0.3366076\ttotal: 1.36s\tremaining: 4.15s\n",
      "247:\tlearn: 0.3365130\ttotal: 1.37s\tremaining: 4.14s\n",
      "248:\tlearn: 0.3364012\ttotal: 1.37s\tremaining: 4.13s\n",
      "249:\tlearn: 0.3363344\ttotal: 1.37s\tremaining: 4.12s\n",
      "250:\tlearn: 0.3362339\ttotal: 1.38s\tremaining: 4.11s\n",
      "251:\tlearn: 0.3360704\ttotal: 1.38s\tremaining: 4.11s\n",
      "252:\tlearn: 0.3358964\ttotal: 1.39s\tremaining: 4.1s\n",
      "253:\tlearn: 0.3357436\ttotal: 1.39s\tremaining: 4.09s\n",
      "254:\tlearn: 0.3353341\ttotal: 1.4s\tremaining: 4.08s\n",
      "255:\tlearn: 0.3351779\ttotal: 1.4s\tremaining: 4.07s\n",
