{
 "cells": [
  {
   "cell_type": "code",
   "execution_count": 1,
   "id": "938b9555-45dd-49de-939a-4aa98d121fa2",
   "metadata": {},
   "outputs": [],
   "source": [
    "import pandas as pd\n",
    "import numpy as np"
   ]
  },
  {
   "cell_type": "code",
   "execution_count": 2,
   "id": "1366c157-4b4d-450d-8849-b1c8c36035c6",
   "metadata": {},
   "outputs": [],
   "source": [
    "df = pd.read_csv('Zoo.csv')"
   ]
  },
  {
   "cell_type": "code",
   "execution_count": 3,
   "id": "c2818079-b4cf-47a3-adbf-622c973453c2",
   "metadata": {},
   "outputs": [
    {
     "name": "stdout",
     "output_type": "stream",
     "text": [
      "<class 'pandas.core.frame.DataFrame'>\n",
      "RangeIndex: 101 entries, 0 to 100\n",
      "Data columns (total 17 columns):\n",
      " #   Column    Non-Null Count  Dtype\n",
      "---  ------    --------------  -----\n",
      " 0   hair      101 non-null    int64\n",
      " 1   feathers  101 non-null    int64\n",
      " 2   eggs      101 non-null    int64\n",
      " 3   milk      101 non-null    int64\n",
      " 4   airborne  101 non-null    int64\n",
      " 5   aquatic   101 non-null    int64\n",
      " 6   predator  101 non-null    int64\n",
      " 7   toothed   101 non-null    int64\n",
      " 8   backbone  101 non-null    int64\n",
      " 9   breathes  101 non-null    int64\n",
      " 10  venomous  101 non-null    int64\n",
      " 11  fins      101 non-null    int64\n",
      " 12  legs      101 non-null    int64\n",
      " 13  tail      101 non-null    int64\n",
      " 14  domestic  101 non-null    int64\n",
      " 15  catsize   101 non-null    int64\n",
      " 16  type      101 non-null    int64\n",
      "dtypes: int64(17)\n",
      "memory usage: 13.5 KB\n"
     ]
    }
   ],
   "source": [
    "df.info()"
   ]
  },
  {
   "cell_type": "code",
   "execution_count": 4,
   "id": "62b963f0-593d-492e-8c4f-56f5a817e70e",
   "metadata": {},
   "outputs": [
    {
     "data": {
      "text/plain": [
       "hair        0\n",
       "feathers    0\n",
       "eggs        0\n",
       "milk        0\n",
       "airborne    0\n",
       "aquatic     0\n",
       "predator    0\n",
       "toothed     0\n",
       "backbone    0\n",
       "breathes    0\n",
       "venomous    0\n",
       "fins        0\n",
       "legs        0\n",
       "tail        0\n",
       "domestic    0\n",
       "catsize     0\n",
       "type        0\n",
       "dtype: int64"
      ]
     },
     "execution_count": 4,
     "metadata": {},
     "output_type": "execute_result"
    }
   ],
   "source": [
    "df.isna().sum()"
   ]
  },
  {
   "cell_type": "code",
   "execution_count": 5,
   "id": "2154c5a4-1ae4-4972-a9c0-7d7f35632d9f",
   "metadata": {},
   "outputs": [
    {
     "data": {
      "text/html": [
       "<div>\n",
       "<style scoped>\n",
       "    .dataframe tbody tr th:only-of-type {\n",
       "        vertical-align: middle;\n",
       "    }\n",
       "\n",
       "    .dataframe tbody tr th {\n",
       "        vertical-align: top;\n",
       "    }\n",
       "\n",
       "    .dataframe thead th {\n",
       "        text-align: right;\n",
       "    }\n",
       "</style>\n",
       "<table border=\"1\" class=\"dataframe\">\n",
       "  <thead>\n",
       "    <tr style=\"text-align: right;\">\n",
       "      <th></th>\n",
       "      <th>hair</th>\n",
       "      <th>feathers</th>\n",
       "      <th>eggs</th>\n",
       "      <th>milk</th>\n",
       "      <th>airborne</th>\n",
       "      <th>aquatic</th>\n",
       "      <th>predator</th>\n",
       "      <th>toothed</th>\n",
       "      <th>backbone</th>\n",
       "      <th>breathes</th>\n",
       "      <th>venomous</th>\n",
       "      <th>fins</th>\n",
       "      <th>legs</th>\n",
       "      <th>tail</th>\n",
       "      <th>domestic</th>\n",
       "      <th>catsize</th>\n",
       "      <th>type</th>\n",
       "    </tr>\n",
       "  </thead>\n",
       "  <tbody>\n",
       "    <tr>\n",
       "      <th>0</th>\n",
       "      <td>1</td>\n",
       "      <td>0</td>\n",
       "      <td>0</td>\n",
       "      <td>1</td>\n",
       "      <td>0</td>\n",
       "      <td>0</td>\n",
       "      <td>1</td>\n",
       "      <td>1</td>\n",
       "      <td>1</td>\n",
       "      <td>1</td>\n",
       "      <td>0</td>\n",
       "      <td>0</td>\n",
       "      <td>4</td>\n",
       "      <td>0</td>\n",
       "      <td>0</td>\n",
       "      <td>1</td>\n",
       "      <td>1</td>\n",
       "    </tr>\n",
       "    <tr>\n",
       "      <th>1</th>\n",
       "      <td>1</td>\n",
       "      <td>0</td>\n",
       "      <td>0</td>\n",
       "      <td>1</td>\n",
       "      <td>0</td>\n",
       "      <td>0</td>\n",
       "      <td>0</td>\n",
       "      <td>1</td>\n",
       "      <td>1</td>\n",
       "      <td>1</td>\n",
       "      <td>0</td>\n",
       "      <td>0</td>\n",
       "      <td>4</td>\n",
       "      <td>1</td>\n",
       "      <td>0</td>\n",
       "      <td>1</td>\n",
       "      <td>1</td>\n",
       "    </tr>\n",
       "    <tr>\n",
       "      <th>2</th>\n",
       "      <td>0</td>\n",
       "      <td>0</td>\n",
       "      <td>1</td>\n",
       "      <td>0</td>\n",
       "      <td>0</td>\n",
       "      <td>1</td>\n",
       "      <td>1</td>\n",
       "      <td>1</td>\n",
       "      <td>1</td>\n",
       "      <td>0</td>\n",
       "      <td>0</td>\n",
       "      <td>1</td>\n",
       "      <td>0</td>\n",
       "      <td>1</td>\n",
       "      <td>0</td>\n",
       "      <td>0</td>\n",
       "      <td>4</td>\n",
       "    </tr>\n",
       "  </tbody>\n",
       "</table>\n",
       "</div>"
      ],
      "text/plain": [
       "   hair  feathers  eggs  milk  airborne  aquatic  predator  toothed  backbone  \\\n",
       "0     1         0     0     1         0        0         1        1         1   \n",
       "1     1         0     0     1         0        0         0        1         1   \n",
       "2     0         0     1     0         0        1         1        1         1   \n",
       "\n",
       "   breathes  venomous  fins  legs  tail  domestic  catsize  type  \n",
       "0         1         0     0     4     0         0        1     1  \n",
       "1         1         0     0     4     1         0        1     1  \n",
       "2         0         0     1     0     1         0        0     4  "
      ]
     },
     "execution_count": 5,
     "metadata": {},
     "output_type": "execute_result"
    }
   ],
   "source": [
    "df.head(3)"
   ]
  },
  {
   "cell_type": "code",
   "execution_count": 6,
   "id": "a1c9b8a8-a0df-4e28-87c5-c59e84b41f62",
   "metadata": {},
   "outputs": [
    {
     "data": {
      "text/html": [
       "<div>\n",
       "<style scoped>\n",
       "    .dataframe tbody tr th:only-of-type {\n",
       "        vertical-align: middle;\n",
       "    }\n",
       "\n",
       "    .dataframe tbody tr th {\n",
       "        vertical-align: top;\n",
       "    }\n",
       "\n",
       "    .dataframe thead th {\n",
       "        text-align: right;\n",
       "    }\n",
       "</style>\n",
       "<table border=\"1\" class=\"dataframe\">\n",
       "  <thead>\n",
       "    <tr style=\"text-align: right;\">\n",
       "      <th></th>\n",
       "      <th>hair</th>\n",
       "      <th>feathers</th>\n",
       "      <th>eggs</th>\n",
       "      <th>milk</th>\n",
       "      <th>airborne</th>\n",
       "      <th>aquatic</th>\n",
       "      <th>predator</th>\n",
       "      <th>toothed</th>\n",
       "      <th>backbone</th>\n",
       "      <th>breathes</th>\n",
       "      <th>venomous</th>\n",
       "      <th>fins</th>\n",
       "      <th>legs</th>\n",
       "      <th>tail</th>\n",
       "      <th>domestic</th>\n",
       "      <th>catsize</th>\n",
       "      <th>type</th>\n",
       "    </tr>\n",
       "  </thead>\n",
       "  <tbody>\n",
       "    <tr>\n",
       "      <th>hair</th>\n",
       "      <td>1.000000</td>\n",
       "      <td>-0.427851</td>\n",
       "      <td>-0.817382</td>\n",
       "      <td>0.878503</td>\n",
       "      <td>-0.198431</td>\n",
       "      <td>-0.473554</td>\n",
       "      <td>-0.154769</td>\n",
       "      <td>0.492531</td>\n",
       "      <td>0.191681</td>\n",
       "      <td>0.441149</td>\n",
       "      <td>-0.104245</td>\n",
       "      <td>-0.280313</td>\n",
       "      <td>0.394009</td>\n",
       "      <td>0.048973</td>\n",
       "      <td>0.207208</td>\n",
       "      <td>0.455020</td>\n",
       "      <td>-0.562384</td>\n",
       "    </tr>\n",
       "    <tr>\n",
       "      <th>feathers</th>\n",
       "      <td>-0.427851</td>\n",
       "      <td>1.000000</td>\n",
       "      <td>0.419248</td>\n",
       "      <td>-0.410761</td>\n",
       "      <td>0.656553</td>\n",
       "      <td>-0.058552</td>\n",
       "      <td>-0.104430</td>\n",
       "      <td>-0.613631</td>\n",
       "      <td>0.231403</td>\n",
       "      <td>0.254588</td>\n",
       "      <td>-0.145739</td>\n",
       "      <td>-0.223541</td>\n",
       "      <td>-0.206686</td>\n",
       "      <td>0.292569</td>\n",
       "      <td>0.031586</td>\n",
       "      <td>-0.135934</td>\n",
       "      <td>-0.197520</td>\n",
       "    </tr>\n",
       "    <tr>\n",
       "      <th>eggs</th>\n",
       "      <td>-0.817382</td>\n",
       "      <td>0.419248</td>\n",
       "      <td>1.000000</td>\n",
       "      <td>-0.938848</td>\n",
       "      <td>0.376646</td>\n",
       "      <td>0.376244</td>\n",
       "      <td>0.011605</td>\n",
       "      <td>-0.642150</td>\n",
       "      <td>-0.340420</td>\n",
       "      <td>-0.382777</td>\n",
       "      <td>0.098689</td>\n",
       "      <td>0.164796</td>\n",
       "      <td>-0.224918</td>\n",
       "      <td>-0.221090</td>\n",
       "      <td>-0.155610</td>\n",
       "      <td>-0.514650</td>\n",
       "      <td>0.661825</td>\n",
       "    </tr>\n",
       "    <tr>\n",
       "      <th>milk</th>\n",
       "      <td>0.878503</td>\n",
       "      <td>-0.410761</td>\n",
       "      <td>-0.938848</td>\n",
       "      <td>1.000000</td>\n",
       "      <td>-0.366765</td>\n",
       "      <td>-0.362613</td>\n",
       "      <td>-0.029721</td>\n",
       "      <td>0.628168</td>\n",
       "      <td>0.384958</td>\n",
       "      <td>0.423527</td>\n",
       "      <td>-0.242449</td>\n",
       "      <td>-0.156328</td>\n",
       "      <td>0.214196</td>\n",
       "      <td>0.210026</td>\n",
       "      <td>0.163928</td>\n",
       "      <td>0.574906</td>\n",
       "      <td>-0.723683</td>\n",
       "    </tr>\n",
       "    <tr>\n",
       "      <th>airborne</th>\n",
       "      <td>-0.198431</td>\n",
       "      <td>0.656553</td>\n",
       "      <td>0.376646</td>\n",
       "      <td>-0.366765</td>\n",
       "      <td>1.000000</td>\n",
       "      <td>-0.172638</td>\n",
       "      <td>-0.295181</td>\n",
       "      <td>-0.594311</td>\n",
       "      <td>-0.104718</td>\n",
       "      <td>0.286039</td>\n",
       "      <td>0.008528</td>\n",
       "      <td>-0.251157</td>\n",
       "      <td>0.043712</td>\n",
       "      <td>0.009482</td>\n",
       "      <td>0.063274</td>\n",
       "      <td>-0.349768</td>\n",
       "      <td>0.022677</td>\n",
       "    </tr>\n",
       "    <tr>\n",
       "      <th>aquatic</th>\n",
       "      <td>-0.473554</td>\n",
       "      <td>-0.058552</td>\n",
       "      <td>0.376244</td>\n",
       "      <td>-0.362613</td>\n",
       "      <td>-0.172638</td>\n",
       "      <td>1.000000</td>\n",
       "      <td>0.375978</td>\n",
       "      <td>0.053150</td>\n",
       "      <td>0.022463</td>\n",
       "      <td>-0.637506</td>\n",
       "      <td>0.087915</td>\n",
       "      <td>0.604492</td>\n",
       "      <td>-0.360638</td>\n",
       "      <td>-0.034642</td>\n",
       "      <td>-0.224308</td>\n",
       "      <td>-0.111866</td>\n",
       "      <td>0.326639</td>\n",
       "    </tr>\n",
       "    <tr>\n",
       "      <th>predator</th>\n",
       "      <td>-0.154769</td>\n",
       "      <td>-0.104430</td>\n",
       "      <td>0.011605</td>\n",
       "      <td>-0.029721</td>\n",
       "      <td>-0.295181</td>\n",
       "      <td>0.375978</td>\n",
       "      <td>1.000000</td>\n",
       "      <td>0.129452</td>\n",
       "      <td>0.051022</td>\n",
       "      <td>-0.262931</td>\n",
       "      <td>0.115391</td>\n",
       "      <td>0.190302</td>\n",
       "      <td>-0.099723</td>\n",
       "      <td>0.018947</td>\n",
       "      <td>-0.309794</td>\n",
       "      <td>0.144790</td>\n",
       "      <td>0.061179</td>\n",
       "    </tr>\n",
       "    <tr>\n",
       "      <th>toothed</th>\n",
       "      <td>0.492531</td>\n",
       "      <td>-0.613631</td>\n",
       "      <td>-0.642150</td>\n",
       "      <td>0.628168</td>\n",
       "      <td>-0.594311</td>\n",
       "      <td>0.053150</td>\n",
       "      <td>0.129452</td>\n",
       "      <td>1.000000</td>\n",
       "      <td>0.575085</td>\n",
       "      <td>-0.065690</td>\n",
       "      <td>-0.062344</td>\n",
       "      <td>0.364292</td>\n",
       "      <td>-0.193476</td>\n",
       "      <td>0.310368</td>\n",
       "      <td>0.069430</td>\n",
       "      <td>0.344010</td>\n",
       "      <td>-0.471527</td>\n",
       "    </tr>\n",
       "    <tr>\n",
       "      <th>backbone</th>\n",
       "      <td>0.191681</td>\n",
       "      <td>0.231403</td>\n",
       "      <td>-0.340420</td>\n",
       "      <td>0.384958</td>\n",
       "      <td>-0.104718</td>\n",
       "      <td>0.022463</td>\n",
       "      <td>0.051022</td>\n",
       "      <td>0.575085</td>\n",
       "      <td>1.000000</td>\n",
       "      <td>0.207666</td>\n",
       "      <td>-0.246611</td>\n",
       "      <td>0.209499</td>\n",
       "      <td>-0.432856</td>\n",
       "      <td>0.731762</td>\n",
       "      <td>0.101733</td>\n",
       "      <td>0.356976</td>\n",
       "      <td>-0.828845</td>\n",
       "    </tr>\n",
       "    <tr>\n",
       "      <th>breathes</th>\n",
       "      <td>0.441149</td>\n",
       "      <td>0.254588</td>\n",
       "      <td>-0.382777</td>\n",
       "      <td>0.423527</td>\n",
       "      <td>0.286039</td>\n",
       "      <td>-0.637506</td>\n",
       "      <td>-0.262931</td>\n",
       "      <td>-0.065690</td>\n",
       "      <td>0.207666</td>\n",
       "      <td>1.000000</td>\n",
       "      <td>-0.120752</td>\n",
       "      <td>-0.617219</td>\n",
       "      <td>0.369868</td>\n",
       "      <td>0.088952</td>\n",
       "      <td>0.124068</td>\n",
       "      <td>0.204125</td>\n",
       "      <td>-0.519308</td>\n",
       "    </tr>\n",
       "    <tr>\n",
       "      <th>venomous</th>\n",
       "      <td>-0.104245</td>\n",
       "      <td>-0.145739</td>\n",
       "      <td>0.098689</td>\n",
       "      <td>-0.242449</td>\n",
       "      <td>0.008528</td>\n",
       "      <td>0.087915</td>\n",
       "      <td>0.115391</td>\n",
       "      <td>-0.062344</td>\n",
       "      <td>-0.246611</td>\n",
       "      <td>-0.120752</td>\n",
       "      <td>1.000000</td>\n",
       "      <td>-0.033956</td>\n",
       "      <td>0.022964</td>\n",
       "      <td>-0.162724</td>\n",
       "      <td>-0.003252</td>\n",
       "      <td>-0.183748</td>\n",
       "      <td>0.321476</td>\n",
       "    </tr>\n",
       "    <tr>\n",
       "      <th>fins</th>\n",
       "      <td>-0.280313</td>\n",
       "      <td>-0.223541</td>\n",
       "      <td>0.164796</td>\n",
       "      <td>-0.156328</td>\n",
       "      <td>-0.251157</td>\n",
       "      <td>0.604492</td>\n",
       "      <td>0.190302</td>\n",
       "      <td>0.364292</td>\n",
       "      <td>0.209499</td>\n",
       "      <td>-0.617219</td>\n",
       "      <td>-0.033956</td>\n",
       "      <td>1.000000</td>\n",
       "      <td>-0.605652</td>\n",
       "      <td>0.204349</td>\n",
       "      <td>-0.093887</td>\n",
       "      <td>0.031705</td>\n",
       "      <td>0.099430</td>\n",
       "    </tr>\n",
       "    <tr>\n",
       "      <th>legs</th>\n",
       "      <td>0.394009</td>\n",
       "      <td>-0.206686</td>\n",
       "      <td>-0.224918</td>\n",
       "      <td>0.214196</td>\n",
       "      <td>0.043712</td>\n",
       "      <td>-0.360638</td>\n",
       "      <td>-0.099723</td>\n",
       "      <td>-0.193476</td>\n",
       "      <td>-0.432856</td>\n",
       "      <td>0.369868</td>\n",
       "      <td>0.022964</td>\n",
       "      <td>-0.605652</td>\n",
       "      <td>1.000000</td>\n",
       "      <td>-0.348295</td>\n",
       "      <td>0.073931</td>\n",
       "      <td>0.068791</td>\n",
       "      <td>0.131693</td>\n",
       "    </tr>\n",
       "    <tr>\n",
       "      <th>tail</th>\n",
       "      <td>0.048973</td>\n",
       "      <td>0.292569</td>\n",
       "      <td>-0.221090</td>\n",
       "      <td>0.210026</td>\n",
       "      <td>0.009482</td>\n",
       "      <td>-0.034642</td>\n",
       "      <td>0.018947</td>\n",
       "      <td>0.310368</td>\n",
       "      <td>0.731762</td>\n",
       "      <td>0.088952</td>\n",
       "      <td>-0.162724</td>\n",
       "      <td>0.204349</td>\n",
       "      <td>-0.348295</td>\n",
       "      <td>1.000000</td>\n",
       "      <td>0.023434</td>\n",
       "      <td>0.243277</td>\n",
       "      <td>-0.631830</td>\n",
       "    </tr>\n",
       "    <tr>\n",
       "      <th>domestic</th>\n",
       "      <td>0.207208</td>\n",
       "      <td>0.031586</td>\n",
       "      <td>-0.155610</td>\n",
       "      <td>0.163928</td>\n",
       "      <td>0.063274</td>\n",
       "      <td>-0.224308</td>\n",
       "      <td>-0.309794</td>\n",
       "      <td>0.069430</td>\n",
       "      <td>0.101733</td>\n",
       "      <td>0.124068</td>\n",
       "      <td>-0.003252</td>\n",
       "      <td>-0.093887</td>\n",
       "      <td>0.073931</td>\n",
       "      <td>0.023434</td>\n",
       "      <td>1.000000</td>\n",
       "      <td>0.020073</td>\n",
       "      <td>-0.181043</td>\n",
       "    </tr>\n",
       "    <tr>\n",
       "      <th>catsize</th>\n",
       "      <td>0.455020</td>\n",
       "      <td>-0.135934</td>\n",
       "      <td>-0.514650</td>\n",
       "      <td>0.574906</td>\n",
       "      <td>-0.349768</td>\n",
       "      <td>-0.111866</td>\n",
       "      <td>0.144790</td>\n",
       "      <td>0.344010</td>\n",
       "      <td>0.356976</td>\n",
       "      <td>0.204125</td>\n",
       "      <td>-0.183748</td>\n",
       "      <td>0.031705</td>\n",
       "      <td>0.068791</td>\n",
       "      <td>0.243277</td>\n",
       "      <td>0.020073</td>\n",
       "      <td>1.000000</td>\n",
       "      <td>-0.521030</td>\n",
       "    </tr>\n",
       "    <tr>\n",
       "      <th>type</th>\n",
       "      <td>-0.562384</td>\n",
       "      <td>-0.197520</td>\n",
       "      <td>0.661825</td>\n",
       "      <td>-0.723683</td>\n",
       "      <td>0.022677</td>\n",
       "      <td>0.326639</td>\n",
       "      <td>0.061179</td>\n",
       "      <td>-0.471527</td>\n",
       "      <td>-0.828845</td>\n",
       "      <td>-0.519308</td>\n",
       "      <td>0.321476</td>\n",
       "      <td>0.099430</td>\n",
       "      <td>0.131693</td>\n",
       "      <td>-0.631830</td>\n",
       "      <td>-0.181043</td>\n",
       "      <td>-0.521030</td>\n",
       "      <td>1.000000</td>\n",
       "    </tr>\n",
       "  </tbody>\n",
       "</table>\n",
       "</div>"
      ],
      "text/plain": [
       "              hair  feathers      eggs      milk  airborne   aquatic  \\\n",
       "hair      1.000000 -0.427851 -0.817382  0.878503 -0.198431 -0.473554   \n",
       "feathers -0.427851  1.000000  0.419248 -0.410761  0.656553 -0.058552   \n",
       "eggs     -0.817382  0.419248  1.000000 -0.938848  0.376646  0.376244   \n",
       "milk      0.878503 -0.410761 -0.938848  1.000000 -0.366765 -0.362613   \n",
       "airborne -0.198431  0.656553  0.376646 -0.366765  1.000000 -0.172638   \n",
       "aquatic  -0.473554 -0.058552  0.376244 -0.362613 -0.172638  1.000000   \n",
       "predator -0.154769 -0.104430  0.011605 -0.029721 -0.295181  0.375978   \n",
       "toothed   0.492531 -0.613631 -0.642150  0.628168 -0.594311  0.053150   \n",
       "backbone  0.191681  0.231403 -0.340420  0.384958 -0.104718  0.022463   \n",
       "breathes  0.441149  0.254588 -0.382777  0.423527  0.286039 -0.637506   \n",
       "venomous -0.104245 -0.145739  0.098689 -0.242449  0.008528  0.087915   \n",
       "fins     -0.280313 -0.223541  0.164796 -0.156328 -0.251157  0.604492   \n",
       "legs      0.394009 -0.206686 -0.224918  0.214196  0.043712 -0.360638   \n",
       "tail      0.048973  0.292569 -0.221090  0.210026  0.009482 -0.034642   \n",
       "domestic  0.207208  0.031586 -0.155610  0.163928  0.063274 -0.224308   \n",
       "catsize   0.455020 -0.135934 -0.514650  0.574906 -0.349768 -0.111866   \n",
       "type     -0.562384 -0.197520  0.661825 -0.723683  0.022677  0.326639   \n",
       "\n",
       "          predator   toothed  backbone  breathes  venomous      fins  \\\n",
       "hair     -0.154769  0.492531  0.191681  0.441149 -0.104245 -0.280313   \n",
       "feathers -0.104430 -0.613631  0.231403  0.254588 -0.145739 -0.223541   \n",
       "eggs      0.011605 -0.642150 -0.340420 -0.382777  0.098689  0.164796   \n",
       "milk     -0.029721  0.628168  0.384958  0.423527 -0.242449 -0.156328   \n",
       "airborne -0.295181 -0.594311 -0.104718  0.286039  0.008528 -0.251157   \n",
       "aquatic   0.375978  0.053150  0.022463 -0.637506  0.087915  0.604492   \n",
       "predator  1.000000  0.129452  0.051022 -0.262931  0.115391  0.190302   \n",
       "toothed   0.129452  1.000000  0.575085 -0.065690 -0.062344  0.364292   \n",
       "backbone  0.051022  0.575085  1.000000  0.207666 -0.246611  0.209499   \n",
       "breathes -0.262931 -0.065690  0.207666  1.000000 -0.120752 -0.617219   \n",
       "venomous  0.115391 -0.062344 -0.246611 -0.120752  1.000000 -0.033956   \n",
       "fins      0.190302  0.364292  0.209499 -0.617219 -0.033956  1.000000   \n",
       "legs     -0.099723 -0.193476 -0.432856  0.369868  0.022964 -0.605652   \n",
       "tail      0.018947  0.310368  0.731762  0.088952 -0.162724  0.204349   \n",
       "domestic -0.309794  0.069430  0.101733  0.124068 -0.003252 -0.093887   \n",
       "catsize   0.144790  0.344010  0.356976  0.204125 -0.183748  0.031705   \n",
       "type      0.061179 -0.471527 -0.828845 -0.519308  0.321476  0.099430   \n",
       "\n",
       "              legs      tail  domestic   catsize      type  \n",
       "hair      0.394009  0.048973  0.207208  0.455020 -0.562384  \n",
       "feathers -0.206686  0.292569  0.031586 -0.135934 -0.197520  \n",
       "eggs     -0.224918 -0.221090 -0.155610 -0.514650  0.661825  \n",
       "milk      0.214196  0.210026  0.163928  0.574906 -0.723683  \n",
       "airborne  0.043712  0.009482  0.063274 -0.349768  0.022677  \n",
       "aquatic  -0.360638 -0.034642 -0.224308 -0.111866  0.326639  \n",
       "predator -0.099723  0.018947 -0.309794  0.144790  0.061179  \n",
       "toothed  -0.193476  0.310368  0.069430  0.344010 -0.471527  \n",
       "backbone -0.432856  0.731762  0.101733  0.356976 -0.828845  \n",
       "breathes  0.369868  0.088952  0.124068  0.204125 -0.519308  \n",
       "venomous  0.022964 -0.162724 -0.003252 -0.183748  0.321476  \n",
       "fins     -0.605652  0.204349 -0.093887  0.031705  0.099430  \n",
       "legs      1.000000 -0.348295  0.073931  0.068791  0.131693  \n",
       "tail     -0.348295  1.000000  0.023434  0.243277 -0.631830  \n",
       "domestic  0.073931  0.023434  1.000000  0.020073 -0.181043  \n",
       "catsize   0.068791  0.243277  0.020073  1.000000 -0.521030  \n",
       "type      0.131693 -0.631830 -0.181043 -0.521030  1.000000  "
      ]
     },
     "execution_count": 6,
     "metadata": {},
     "output_type": "execute_result"
    }
   ],
   "source": [
    "df.corr()"
   ]
  },
  {
   "cell_type": "code",
   "execution_count": 7,
   "id": "4e9f6ca3-76a6-463b-b72d-f9918cec6de0",
   "metadata": {},
   "outputs": [],
   "source": [
    "from sklearn.preprocessing import LabelEncoder\n",
    "le = LabelEncoder()\n",
    "df['type'] = le.fit_transform(df['type'])"
   ]
  },
  {
   "cell_type": "code",
   "execution_count": 8,
   "id": "c3c7ede2-4d41-45d7-b0a6-6f50003be641",
   "metadata": {},
   "outputs": [],
   "source": [
    "X = df.drop(\"type\", axis =1)\n",
    "Y = df['type']"
   ]
  },
  {
   "cell_type": "code",
   "execution_count": 9,
   "id": "ffe69630-57e4-4c60-bff8-18065bfcf683",
   "metadata": {},
   "outputs": [],
   "source": [
    "from sklearn.model_selection import train_test_split\n",
    "x_train, x_test, y_train, y_test = train_test_split(X, Y, train_size=0.7, random_state=12345)"
   ]
  },
  {
   "cell_type": "code",
   "execution_count": 10,
   "id": "4bfc830a-a180-4fe9-8f62-eaa79381af73",
   "metadata": {},
   "outputs": [],
   "source": [
    "def build_DT():\n",
    "    from sklearn.tree import DecisionTreeClassifier\n",
    "    model = DecisionTreeClassifier()\n",
    "    model.fit(x_train, y_train)\n",
    "    return model"
   ]
  },
  {
   "cell_type": "code",
   "execution_count": 11,
   "id": "369ea1e6-4c4d-4038-bfa7-185d6027caeb",
   "metadata": {},
   "outputs": [],
   "source": [
    "def build_RF():\n",
    "    from sklearn.ensemble import RandomForestClassifier\n",
    "    model = RandomForestClassifier()\n",
    "    model.fit(x_train, y_train)\n",
    "    return model"
   ]
  },
  {
   "cell_type": "code",
   "execution_count": 12,
   "id": "c9262b7b-bb01-47b9-a8a2-26e95460e34b",
   "metadata": {},
   "outputs": [],
   "source": [
    "def build_CB():\n",
    "    from catboost import CatBoostClassifier\n",
    "    model = CatBoostClassifier()\n",
    "    model.fit(x_train, y_train)\n",
    "    return model"
   ]
  },
  {
   "cell_type": "code",
   "execution_count": 13,
   "id": "45f7b5f6-ab74-4991-a34a-9087c6b5aabf",
   "metadata": {},
   "outputs": [],
   "source": [
    "def build_XGB():\n",
    "    from xgboost import XGBClassifier\n",
    "    model = XGBClassifier()\n",
    "    model.fit(x_train, y_train)\n",
    "    return model"
   ]
  },
  {
   "cell_type": "code",
   "execution_count": 14,
   "id": "01bdb552-d7c3-4367-8c8d-e7334fde83cd",
   "metadata": {},
   "outputs": [
    {
     "name": "stdout",
     "output_type": "stream",
     "text": [
      "Learning rate set to 0.069091\n",
      "0:\tlearn: 1.8386018\ttotal: 144ms\tremaining: 2m 24s\n",
      "1:\tlearn: 1.7042914\ttotal: 153ms\tremaining: 1m 16s\n",
      "2:\tlearn: 1.6410421\ttotal: 161ms\tremaining: 53.7s\n",
      "3:\tlearn: 1.5633420\ttotal: 170ms\tremaining: 42.3s\n",
      "4:\tlearn: 1.4697911\ttotal: 178ms\tremaining: 35.5s\n",
      "5:\tlearn: 1.3909152\ttotal: 187ms\tremaining: 31s\n",
      "6:\tlearn: 1.3286512\ttotal: 195ms\tremaining: 27.7s\n",
      "7:\tlearn: 1.2797356\ttotal: 204ms\tremaining: 25.3s\n",
      "8:\tlearn: 1.2194681\ttotal: 213ms\tremaining: 23.5s\n",
      "9:\tlearn: 1.1571788\ttotal: 222ms\tremaining: 22s\n",
      "10:\tlearn: 1.1006986\ttotal: 225ms\tremaining: 20.3s\n",
      "11:\tlearn: 1.0551556\ttotal: 234ms\tremaining: 19.3s\n",
      "12:\tlearn: 1.0158954\ttotal: 236ms\tremaining: 17.9s\n",
      "13:\tlearn: 0.9758481\ttotal: 244ms\tremaining: 17.2s\n",
      "14:\tlearn: 0.9400097\ttotal: 253ms\tremaining: 16.6s\n",
      "15:\tlearn: 0.9042817\ttotal: 262ms\tremaining: 16.1s\n",
      "16:\tlearn: 0.8683808\ttotal: 270ms\tremaining: 15.6s\n",
      "17:\tlearn: 0.8473463\ttotal: 278ms\tremaining: 15.2s\n",
      "18:\tlearn: 0.8161790\ttotal: 287ms\tremaining: 14.8s\n",
      "19:\tlearn: 0.7928926\ttotal: 292ms\tremaining: 14.3s\n",
      "20:\tlearn: 0.7658280\ttotal: 300ms\tremaining: 14s\n",
      "21:\tlearn: 0.7431168\ttotal: 309ms\tremaining: 13.7s\n",
      "22:\tlearn: 0.7227854\ttotal: 319ms\tremaining: 13.5s\n",
      "23:\tlearn: 0.7041905\ttotal: 328ms\tremaining: 13.3s\n",
      "24:\tlearn: 0.6784783\ttotal: 336ms\tremaining: 13.1s\n",
      "25:\tlearn: 0.6576335\ttotal: 345ms\tremaining: 12.9s\n",
      "26:\tlearn: 0.6422788\ttotal: 353ms\tremaining: 12.7s\n",
      "27:\tlearn: 0.6292203\ttotal: 362ms\tremaining: 12.6s\n",
      "28:\tlearn: 0.6075272\ttotal: 370ms\tremaining: 12.4s\n",
      "29:\tlearn: 0.5886429\ttotal: 378ms\tremaining: 12.2s\n",
      "30:\tlearn: 0.5740277\ttotal: 387ms\tremaining: 12.1s\n",
      "31:\tlearn: 0.5616000\ttotal: 390ms\tremaining: 11.8s\n",
      "32:\tlearn: 0.5496891\ttotal: 393ms\tremaining: 11.5s\n",
      "33:\tlearn: 0.5329237\ttotal: 401ms\tremaining: 11.4s\n",
      "34:\tlearn: 0.5182829\ttotal: 410ms\tremaining: 11.3s\n",
      "35:\tlearn: 0.5039294\ttotal: 420ms\tremaining: 11.2s\n",
      "36:\tlearn: 0.4895607\ttotal: 426ms\tremaining: 11.1s\n",
      "37:\tlearn: 0.4779237\ttotal: 435ms\tremaining: 11s\n",
      "38:\tlearn: 0.4682928\ttotal: 443ms\tremaining: 10.9s\n",
      "39:\tlearn: 0.4574834\ttotal: 452ms\tremaining: 10.9s\n",
      "40:\tlearn: 0.4474413\ttotal: 461ms\tremaining: 10.8s\n",
      "41:\tlearn: 0.4334642\ttotal: 471ms\tremaining: 10.7s\n",
      "42:\tlearn: 0.4225847\ttotal: 480ms\tremaining: 10.7s\n",
      "43:\tlearn: 0.4137989\ttotal: 488ms\tremaining: 10.6s\n",
      "44:\tlearn: 0.4045498\ttotal: 497ms\tremaining: 10.5s\n",
      "45:\tlearn: 0.3954235\ttotal: 505ms\tremaining: 10.5s\n",
      "46:\tlearn: 0.3868188\ttotal: 514ms\tremaining: 10.4s\n",
      "47:\tlearn: 0.3787028\ttotal: 523ms\tremaining: 10.4s\n",
      "48:\tlearn: 0.3710083\ttotal: 531ms\tremaining: 10.3s\n",
      "49:\tlearn: 0.3632757\ttotal: 540ms\tremaining: 10.3s\n",
      "50:\tlearn: 0.3539131\ttotal: 548ms\tremaining: 10.2s\n",
      "51:\tlearn: 0.3489174\ttotal: 556ms\tremaining: 10.1s\n",
      "52:\tlearn: 0.3413735\ttotal: 566ms\tremaining: 10.1s\n",
      "53:\tlearn: 0.3341446\ttotal: 574ms\tremaining: 10.1s\n",
      "54:\tlearn: 0.3265784\ttotal: 582ms\tremaining: 10s\n",
      "55:\tlearn: 0.3223811\ttotal: 591ms\tremaining: 9.96s\n",
      "56:\tlearn: 0.3167515\ttotal: 599ms\tremaining: 9.91s\n",
      "57:\tlearn: 0.3115750\ttotal: 608ms\tremaining: 9.87s\n",
      "58:\tlearn: 0.3070471\ttotal: 616ms\tremaining: 9.83s\n",
      "59:\tlearn: 0.3029138\ttotal: 624ms\tremaining: 9.78s\n",
      "60:\tlearn: 0.2988192\ttotal: 634ms\tremaining: 9.77s\n",
      "61:\tlearn: 0.2935579\ttotal: 645ms\tremaining: 9.75s\n",
      "62:\tlearn: 0.2882383\ttotal: 654ms\tremaining: 9.73s\n",
      "63:\tlearn: 0.2837724\ttotal: 663ms\tremaining: 9.7s\n",
      "64:\tlearn: 0.2791746\ttotal: 672ms\tremaining: 9.67s\n",
      "65:\tlearn: 0.2747315\ttotal: 681ms\tremaining: 9.64s\n",
      "66:\tlearn: 0.2703934\ttotal: 686ms\tremaining: 9.56s\n",
      "67:\tlearn: 0.2658776\ttotal: 695ms\tremaining: 9.53s\n",
      "68:\tlearn: 0.2602558\ttotal: 704ms\tremaining: 9.5s\n",
      "69:\tlearn: 0.2568904\ttotal: 713ms\tremaining: 9.47s\n",
      "70:\tlearn: 0.2522930\ttotal: 722ms\tremaining: 9.44s\n",
      "71:\tlearn: 0.2477997\ttotal: 727ms\tremaining: 9.37s\n",
      "72:\tlearn: 0.2437037\ttotal: 735ms\tremaining: 9.34s\n",
      "73:\tlearn: 0.2402531\ttotal: 744ms\tremaining: 9.31s\n",
      "74:\tlearn: 0.2364126\ttotal: 753ms\tremaining: 9.29s\n",
      "75:\tlearn: 0.2330301\ttotal: 762ms\tremaining: 9.26s\n",
      "76:\tlearn: 0.2287562\ttotal: 770ms\tremaining: 9.23s\n",
      "77:\tlearn: 0.2253026\ttotal: 779ms\tremaining: 9.21s\n",
      "78:\tlearn: 0.2217606\ttotal: 787ms\tremaining: 9.17s\n",
      "79:\tlearn: 0.2191322\ttotal: 795ms\tremaining: 9.14s\n",
      "80:\tlearn: 0.2158708\ttotal: 800ms\tremaining: 9.08s\n",
      "81:\tlearn: 0.2127847\ttotal: 809ms\tremaining: 9.05s\n",
      "82:\tlearn: 0.2093084\ttotal: 818ms\tremaining: 9.03s\n",
      "83:\tlearn: 0.2067187\ttotal: 826ms\tremaining: 9s\n",
      "84:\tlearn: 0.2043745\ttotal: 835ms\tremaining: 8.99s\n",
      "85:\tlearn: 0.2018505\ttotal: 844ms\tremaining: 8.97s\n",
      "86:\tlearn: 0.1984840\ttotal: 853ms\tremaining: 8.95s\n",
      "87:\tlearn: 0.1951474\ttotal: 862ms\tremaining: 8.93s\n",
      "88:\tlearn: 0.1923483\ttotal: 870ms\tremaining: 8.91s\n",
      "89:\tlearn: 0.1898272\ttotal: 879ms\tremaining: 8.89s\n",
      "90:\tlearn: 0.1870171\ttotal: 887ms\tremaining: 8.86s\n",
      "91:\tlearn: 0.1842650\ttotal: 896ms\tremaining: 8.84s\n",
      "92:\tlearn: 0.1816570\ttotal: 904ms\tremaining: 8.82s\n",
      "93:\tlearn: 0.1790967\ttotal: 912ms\tremaining: 8.79s\n",
      "94:\tlearn: 0.1761768\ttotal: 921ms\tremaining: 8.78s\n",
      "95:\tlearn: 0.1739340\ttotal: 929ms\tremaining: 8.75s\n",
      "96:\tlearn: 0.1709675\ttotal: 937ms\tremaining: 8.73s\n",
      "97:\tlearn: 0.1693110\ttotal: 946ms\tremaining: 8.7s\n",
      "98:\tlearn: 0.1675120\ttotal: 954ms\tremaining: 8.68s\n",
      "99:\tlearn: 0.1654155\ttotal: 962ms\tremaining: 8.66s\n",
      "100:\tlearn: 0.1632227\ttotal: 970ms\tremaining: 8.64s\n",
      "101:\tlearn: 0.1612558\ttotal: 978ms\tremaining: 8.61s\n",
      "102:\tlearn: 0.1588992\ttotal: 987ms\tremaining: 8.59s\n",
      "103:\tlearn: 0.1570602\ttotal: 995ms\tremaining: 8.57s\n",
      "104:\tlearn: 0.1553971\ttotal: 1s\tremaining: 8.55s\n",
      "105:\tlearn: 0.1534645\ttotal: 1.01s\tremaining: 8.54s\n",
      "106:\tlearn: 0.1516746\ttotal: 1.02s\tremaining: 8.52s\n",
      "107:\tlearn: 0.1504982\ttotal: 1.03s\tremaining: 8.51s\n",
      "108:\tlearn: 0.1488825\ttotal: 1.04s\tremaining: 8.48s\n",
      "109:\tlearn: 0.1469301\ttotal: 1.05s\tremaining: 8.47s\n",
      "110:\tlearn: 0.1451405\ttotal: 1.06s\tremaining: 8.46s\n",
      "111:\tlearn: 0.1433529\ttotal: 1.06s\tremaining: 8.45s\n",
      "112:\tlearn: 0.1419932\ttotal: 1.07s\tremaining: 8.43s\n",
      "113:\tlearn: 0.1404716\ttotal: 1.08s\tremaining: 8.4s\n",
      "114:\tlearn: 0.1392812\ttotal: 1.09s\tremaining: 8.38s\n",
      "115:\tlearn: 0.1380359\ttotal: 1.1s\tremaining: 8.36s\n",
      "116:\tlearn: 0.1366662\ttotal: 1.1s\tremaining: 8.33s\n",
      "117:\tlearn: 0.1351165\ttotal: 1.11s\tremaining: 8.3s\n",
      "118:\tlearn: 0.1337300\ttotal: 1.12s\tremaining: 8.28s\n",
      "119:\tlearn: 0.1321835\ttotal: 1.13s\tremaining: 8.26s\n",
      "120:\tlearn: 0.1302858\ttotal: 1.13s\tremaining: 8.24s\n",
      "121:\tlearn: 0.1286094\ttotal: 1.14s\tremaining: 8.21s\n",
      "122:\tlearn: 0.1272167\ttotal: 1.15s\tremaining: 8.19s\n",
      "123:\tlearn: 0.1259751\ttotal: 1.16s\tremaining: 8.17s\n",
      "124:\tlearn: 0.1250160\ttotal: 1.17s\tremaining: 8.15s\n",
      "125:\tlearn: 0.1238025\ttotal: 1.17s\tremaining: 8.13s\n",
      "126:\tlearn: 0.1225805\ttotal: 1.18s\tremaining: 8.11s\n",
      "127:\tlearn: 0.1214208\ttotal: 1.19s\tremaining: 8.09s\n",
      "128:\tlearn: 0.1204915\ttotal: 1.2s\tremaining: 8.07s\n",
      "129:\tlearn: 0.1189675\ttotal: 1.2s\tremaining: 8.05s\n",
      "130:\tlearn: 0.1178057\ttotal: 1.21s\tremaining: 8.03s\n",
      "131:\tlearn: 0.1168913\ttotal: 1.22s\tremaining: 8.01s\n",
      "132:\tlearn: 0.1159795\ttotal: 1.23s\tremaining: 7.99s\n",
      "133:\tlearn: 0.1149217\ttotal: 1.23s\tremaining: 7.97s\n",
      "134:\tlearn: 0.1139238\ttotal: 1.24s\tremaining: 7.95s\n",
      "135:\tlearn: 0.1128950\ttotal: 1.25s\tremaining: 7.93s\n",
      "136:\tlearn: 0.1118845\ttotal: 1.26s\tremaining: 7.91s\n",
      "137:\tlearn: 0.1107815\ttotal: 1.26s\tremaining: 7.9s\n",
      "138:\tlearn: 0.1097779\ttotal: 1.27s\tremaining: 7.88s\n",
      "139:\tlearn: 0.1086729\ttotal: 1.28s\tremaining: 7.86s\n",
      "140:\tlearn: 0.1076708\ttotal: 1.29s\tremaining: 7.84s\n",
      "141:\tlearn: 0.1068624\ttotal: 1.29s\tremaining: 7.82s\n",
      "142:\tlearn: 0.1056214\ttotal: 1.3s\tremaining: 7.8s\n",
      "143:\tlearn: 0.1047567\ttotal: 1.31s\tremaining: 7.78s\n",
      "144:\tlearn: 0.1036038\ttotal: 1.32s\tremaining: 7.76s\n",
      "145:\tlearn: 0.1026412\ttotal: 1.32s\tremaining: 7.75s\n",
      "146:\tlearn: 0.1016951\ttotal: 1.33s\tremaining: 7.73s\n",
      "147:\tlearn: 0.1007520\ttotal: 1.34s\tremaining: 7.71s\n",
      "148:\tlearn: 0.0998731\ttotal: 1.35s\tremaining: 7.7s\n",
      "149:\tlearn: 0.0992196\ttotal: 1.35s\tremaining: 7.68s\n",
      "150:\tlearn: 0.0984106\ttotal: 1.36s\tremaining: 7.66s\n",
      "151:\tlearn: 0.0974969\ttotal: 1.37s\tremaining: 7.64s\n",
      "152:\tlearn: 0.0966995\ttotal: 1.38s\tremaining: 7.63s\n",
      "153:\tlearn: 0.0959390\ttotal: 1.39s\tremaining: 7.61s\n",
      "154:\tlearn: 0.0952176\ttotal: 1.39s\tremaining: 7.59s\n",
      "155:\tlearn: 0.0944533\ttotal: 1.4s\tremaining: 7.58s\n",
      "156:\tlearn: 0.0938755\ttotal: 1.41s\tremaining: 7.57s\n",
      "157:\tlearn: 0.0931341\ttotal: 1.42s\tremaining: 7.55s\n",
      "158:\tlearn: 0.0923383\ttotal: 1.42s\tremaining: 7.53s\n",
      "159:\tlearn: 0.0913079\ttotal: 1.43s\tremaining: 7.52s\n",
      "160:\tlearn: 0.0907063\ttotal: 1.44s\tremaining: 7.5s\n",
      "161:\tlearn: 0.0900102\ttotal: 1.45s\tremaining: 7.49s\n",
      "162:\tlearn: 0.0892663\ttotal: 1.46s\tremaining: 7.47s\n",
      "163:\tlearn: 0.0885819\ttotal: 1.46s\tremaining: 7.46s\n",
      "164:\tlearn: 0.0880271\ttotal: 1.47s\tremaining: 7.45s\n",
      "165:\tlearn: 0.0874461\ttotal: 1.48s\tremaining: 7.43s\n",
      "166:\tlearn: 0.0867892\ttotal: 1.49s\tremaining: 7.42s\n",
      "167:\tlearn: 0.0858925\ttotal: 1.5s\tremaining: 7.4s\n",
      "168:\tlearn: 0.0850077\ttotal: 1.5s\tremaining: 7.39s\n",
      "169:\tlearn: 0.0843484\ttotal: 1.51s\tremaining: 7.38s\n",
      "170:\tlearn: 0.0836616\ttotal: 1.52s\tremaining: 7.36s\n",
      "171:\tlearn: 0.0830953\ttotal: 1.53s\tremaining: 7.35s\n",
      "172:\tlearn: 0.0825001\ttotal: 1.53s\tremaining: 7.34s\n",
      "173:\tlearn: 0.0819221\ttotal: 1.54s\tremaining: 7.32s\n",
      "174:\tlearn: 0.0813846\ttotal: 1.55s\tremaining: 7.31s\n",
      "175:\tlearn: 0.0807762\ttotal: 1.56s\tremaining: 7.29s\n",
      "176:\tlearn: 0.0803290\ttotal: 1.56s\tremaining: 7.28s\n",
      "177:\tlearn: 0.0797555\ttotal: 1.57s\tremaining: 7.26s\n",
      "178:\tlearn: 0.0792157\ttotal: 1.58s\tremaining: 7.25s\n",
      "179:\tlearn: 0.0785251\ttotal: 1.59s\tremaining: 7.23s\n",
      "180:\tlearn: 0.0780016\ttotal: 1.59s\tremaining: 7.22s\n",
      "181:\tlearn: 0.0773162\ttotal: 1.6s\tremaining: 7.2s\n",
      "182:\tlearn: 0.0768511\ttotal: 1.61s\tremaining: 7.19s\n",
      "183:\tlearn: 0.0763449\ttotal: 1.62s\tremaining: 7.18s\n",
      "184:\tlearn: 0.0759330\ttotal: 1.63s\tremaining: 7.16s\n",
      "185:\tlearn: 0.0754258\ttotal: 1.63s\tremaining: 7.15s\n",
      "186:\tlearn: 0.0749295\ttotal: 1.64s\tremaining: 7.13s\n",
      "187:\tlearn: 0.0744508\ttotal: 1.65s\tremaining: 7.12s\n",
      "188:\tlearn: 0.0740697\ttotal: 1.66s\tremaining: 7.11s\n",
      "189:\tlearn: 0.0735123\ttotal: 1.66s\tremaining: 7.09s\n",
      "190:\tlearn: 0.0730957\ttotal: 1.67s\tremaining: 7.08s\n",
      "191:\tlearn: 0.0726432\ttotal: 1.68s\tremaining: 7.07s\n",
      "192:\tlearn: 0.0721254\ttotal: 1.69s\tremaining: 7.05s\n",
      "193:\tlearn: 0.0716030\ttotal: 1.69s\tremaining: 7.04s\n",
      "194:\tlearn: 0.0711490\ttotal: 1.7s\tremaining: 7.03s\n",
      "195:\tlearn: 0.0706587\ttotal: 1.71s\tremaining: 7.02s\n",
      "196:\tlearn: 0.0701763\ttotal: 1.72s\tremaining: 7s\n",
      "197:\tlearn: 0.0696548\ttotal: 1.73s\tremaining: 6.99s\n",
      "198:\tlearn: 0.0690475\ttotal: 1.73s\tremaining: 6.97s\n",
