{
 "cells": [
  {
   "cell_type": "code",
   "execution_count": 1,
   "id": "0bac0b77-b0c8-4139-856d-7e2deb449837",
   "metadata": {},
   "outputs": [],
   "source": [
    "import pandas as pd\n",
    "import numpy as np\n",
    "import seaborn as sns\n",
    "import matplotlib.pyplot as plt"
   ]
  },
  {
   "cell_type": "code",
   "execution_count": 2,
   "id": "c461b8b7-2d6f-47e4-9e69-c4d1bb262372",
   "metadata": {},
   "outputs": [
    {
     "data": {
      "text/html": [
       "<div>\n",
       "<style scoped>\n",
       "    .dataframe tbody tr th:only-of-type {\n",
       "        vertical-align: middle;\n",
       "    }\n",
       "\n",
       "    .dataframe tbody tr th {\n",
       "        vertical-align: top;\n",
       "    }\n",
       "\n",
       "    .dataframe thead th {\n",
       "        text-align: right;\n",
       "    }\n",
       "</style>\n",
       "<table border=\"1\" class=\"dataframe\">\n",
       "  <thead>\n",
       "    <tr style=\"text-align: right;\">\n",
       "      <th></th>\n",
       "      <th>RI</th>\n",
       "      <th>Na</th>\n",
       "      <th>Mg</th>\n",
       "      <th>Al</th>\n",
       "      <th>Si</th>\n",
       "      <th>K</th>\n",
       "      <th>Ca</th>\n",
       "      <th>Ba</th>\n",
       "      <th>Fe</th>\n",
       "      <th>Type</th>\n",
       "    </tr>\n",
       "  </thead>\n",
       "  <tbody>\n",
       "    <tr>\n",
       "      <th>0</th>\n",
       "      <td>1.52101</td>\n",
       "      <td>13.64</td>\n",
       "      <td>4.49</td>\n",
       "      <td>1.10</td>\n",
       "      <td>71.78</td>\n",
       "      <td>0.06</td>\n",
       "      <td>8.75</td>\n",
       "      <td>0.0</td>\n",
       "      <td>0.0</td>\n",
       "      <td>1</td>\n",
       "    </tr>\n",
       "    <tr>\n",
       "      <th>1</th>\n",
       "      <td>1.51761</td>\n",
       "      <td>13.89</td>\n",
       "      <td>3.60</td>\n",
       "      <td>1.36</td>\n",
       "      <td>72.73</td>\n",
       "      <td>0.48</td>\n",
       "      <td>7.83</td>\n",
       "      <td>0.0</td>\n",
       "      <td>0.0</td>\n",
       "      <td>1</td>\n",
       "    </tr>\n",
       "    <tr>\n",
       "      <th>2</th>\n",
       "      <td>1.51618</td>\n",
       "      <td>13.53</td>\n",
       "      <td>3.55</td>\n",
       "      <td>1.54</td>\n",
       "      <td>72.99</td>\n",
       "      <td>0.39</td>\n",
       "      <td>7.78</td>\n",
       "      <td>0.0</td>\n",
       "      <td>0.0</td>\n",
       "      <td>1</td>\n",
       "    </tr>\n",
       "  </tbody>\n",
       "</table>\n",
       "</div>"
      ],
      "text/plain": [
       "        RI     Na    Mg    Al     Si     K    Ca   Ba   Fe  Type\n",
       "0  1.52101  13.64  4.49  1.10  71.78  0.06  8.75  0.0  0.0     1\n",
       "1  1.51761  13.89  3.60  1.36  72.73  0.48  7.83  0.0  0.0     1\n",
       "2  1.51618  13.53  3.55  1.54  72.99  0.39  7.78  0.0  0.0     1"
      ]
     },
     "execution_count": 2,
     "metadata": {},
     "output_type": "execute_result"
    }
   ],
   "source": [
    "df = pd.read_csv('glass.csv')\n",
    "df.head(3)"
   ]
  },
  {
   "cell_type": "code",
   "execution_count": 3,
   "id": "0f666b31-8d71-4b8e-ba4b-22736e91c78e",
   "metadata": {},
   "outputs": [
    {
     "data": {
      "text/html": [
       "<div>\n",
       "<style scoped>\n",
       "    .dataframe tbody tr th:only-of-type {\n",
       "        vertical-align: middle;\n",
       "    }\n",
       "\n",
       "    .dataframe tbody tr th {\n",
       "        vertical-align: top;\n",
       "    }\n",
       "\n",
       "    .dataframe thead th {\n",
       "        text-align: right;\n",
       "    }\n",
       "</style>\n",
       "<table border=\"1\" class=\"dataframe\">\n",
       "  <thead>\n",
       "    <tr style=\"text-align: right;\">\n",
       "      <th></th>\n",
       "      <th>RI</th>\n",
       "      <th>Na</th>\n",
       "      <th>Mg</th>\n",
       "      <th>Al</th>\n",
       "      <th>Si</th>\n",
       "      <th>K</th>\n",
       "      <th>Ca</th>\n",
       "      <th>Ba</th>\n",
       "      <th>Fe</th>\n",
       "      <th>Type</th>\n",
       "    </tr>\n",
       "  </thead>\n",
       "  <tbody>\n",
       "    <tr>\n",
       "      <th>RI</th>\n",
       "      <td>1.000000</td>\n",
       "      <td>-0.191885</td>\n",
       "      <td>-0.122274</td>\n",
       "      <td>-0.407326</td>\n",
       "      <td>-0.542052</td>\n",
       "      <td>-0.289833</td>\n",
       "      <td>0.810403</td>\n",
       "      <td>-0.000386</td>\n",
       "      <td>0.143010</td>\n",
       "      <td>-0.164237</td>\n",
       "    </tr>\n",
       "    <tr>\n",
       "      <th>Na</th>\n",
       "      <td>-0.191885</td>\n",
       "      <td>1.000000</td>\n",
       "      <td>-0.273732</td>\n",
       "      <td>0.156794</td>\n",
       "      <td>-0.069809</td>\n",
       "      <td>-0.266087</td>\n",
       "      <td>-0.275442</td>\n",
       "      <td>0.326603</td>\n",
       "      <td>-0.241346</td>\n",
       "      <td>0.502898</td>\n",
       "    </tr>\n",
       "    <tr>\n",
       "      <th>Mg</th>\n",
       "      <td>-0.122274</td>\n",
       "      <td>-0.273732</td>\n",
       "      <td>1.000000</td>\n",
       "      <td>-0.481799</td>\n",
       "      <td>-0.165927</td>\n",
       "      <td>0.005396</td>\n",
       "      <td>-0.443750</td>\n",
       "      <td>-0.492262</td>\n",
       "      <td>0.083060</td>\n",
       "      <td>-0.744993</td>\n",
       "    </tr>\n",
       "    <tr>\n",
       "      <th>Al</th>\n",
       "      <td>-0.407326</td>\n",
       "      <td>0.156794</td>\n",
       "      <td>-0.481799</td>\n",
       "      <td>1.000000</td>\n",
       "      <td>-0.005524</td>\n",
       "      <td>0.325958</td>\n",
       "      <td>-0.259592</td>\n",
       "      <td>0.479404</td>\n",
       "      <td>-0.074402</td>\n",
       "      <td>0.598829</td>\n",
       "    </tr>\n",
       "    <tr>\n",
       "      <th>Si</th>\n",
       "      <td>-0.542052</td>\n",
       "      <td>-0.069809</td>\n",
       "      <td>-0.165927</td>\n",
       "      <td>-0.005524</td>\n",
       "      <td>1.000000</td>\n",
       "      <td>-0.193331</td>\n",
       "      <td>-0.208732</td>\n",
       "      <td>-0.102151</td>\n",
       "      <td>-0.094201</td>\n",
       "      <td>0.151565</td>\n",
       "    </tr>\n",
       "    <tr>\n",
       "      <th>K</th>\n",
       "      <td>-0.289833</td>\n",
       "      <td>-0.266087</td>\n",
       "      <td>0.005396</td>\n",
       "      <td>0.325958</td>\n",
       "      <td>-0.193331</td>\n",
       "      <td>1.000000</td>\n",
       "      <td>-0.317836</td>\n",
       "      <td>-0.042618</td>\n",
       "      <td>-0.007719</td>\n",
       "      <td>-0.010054</td>\n",
       "    </tr>\n",
       "    <tr>\n",
       "      <th>Ca</th>\n",
       "      <td>0.810403</td>\n",
       "      <td>-0.275442</td>\n",
       "      <td>-0.443750</td>\n",
       "      <td>-0.259592</td>\n",
       "      <td>-0.208732</td>\n",
       "      <td>-0.317836</td>\n",
       "      <td>1.000000</td>\n",
       "      <td>-0.112841</td>\n",
       "      <td>0.124968</td>\n",
       "      <td>0.000952</td>\n",
       "    </tr>\n",
       "    <tr>\n",
       "      <th>Ba</th>\n",
       "      <td>-0.000386</td>\n",
       "      <td>0.326603</td>\n",
       "      <td>-0.492262</td>\n",
       "      <td>0.479404</td>\n",
       "      <td>-0.102151</td>\n",
       "      <td>-0.042618</td>\n",
       "      <td>-0.112841</td>\n",
       "      <td>1.000000</td>\n",
       "      <td>-0.058692</td>\n",
       "      <td>0.575161</td>\n",
       "    </tr>\n",
       "    <tr>\n",
       "      <th>Fe</th>\n",
       "      <td>0.143010</td>\n",
       "      <td>-0.241346</td>\n",
       "      <td>0.083060</td>\n",
       "      <td>-0.074402</td>\n",
       "      <td>-0.094201</td>\n",
       "      <td>-0.007719</td>\n",
       "      <td>0.124968</td>\n",
       "      <td>-0.058692</td>\n",
       "      <td>1.000000</td>\n",
       "      <td>-0.188278</td>\n",
       "    </tr>\n",
       "    <tr>\n",
       "      <th>Type</th>\n",
       "      <td>-0.164237</td>\n",
       "      <td>0.502898</td>\n",
       "      <td>-0.744993</td>\n",
       "      <td>0.598829</td>\n",
       "      <td>0.151565</td>\n",
       "      <td>-0.010054</td>\n",
       "      <td>0.000952</td>\n",
       "      <td>0.575161</td>\n",
       "      <td>-0.188278</td>\n",
       "      <td>1.000000</td>\n",
       "    </tr>\n",
       "  </tbody>\n",
       "</table>\n",
       "</div>"
      ],
      "text/plain": [
       "            RI        Na        Mg        Al        Si         K        Ca  \\\n",
       "RI    1.000000 -0.191885 -0.122274 -0.407326 -0.542052 -0.289833  0.810403   \n",
       "Na   -0.191885  1.000000 -0.273732  0.156794 -0.069809 -0.266087 -0.275442   \n",
       "Mg   -0.122274 -0.273732  1.000000 -0.481799 -0.165927  0.005396 -0.443750   \n",
       "Al   -0.407326  0.156794 -0.481799  1.000000 -0.005524  0.325958 -0.259592   \n",
       "Si   -0.542052 -0.069809 -0.165927 -0.005524  1.000000 -0.193331 -0.208732   \n",
       "K    -0.289833 -0.266087  0.005396  0.325958 -0.193331  1.000000 -0.317836   \n",
       "Ca    0.810403 -0.275442 -0.443750 -0.259592 -0.208732 -0.317836  1.000000   \n",
       "Ba   -0.000386  0.326603 -0.492262  0.479404 -0.102151 -0.042618 -0.112841   \n",
       "Fe    0.143010 -0.241346  0.083060 -0.074402 -0.094201 -0.007719  0.124968   \n",
       "Type -0.164237  0.502898 -0.744993  0.598829  0.151565 -0.010054  0.000952   \n",
       "\n",
       "            Ba        Fe      Type  \n",
       "RI   -0.000386  0.143010 -0.164237  \n",
       "Na    0.326603 -0.241346  0.502898  \n",
       "Mg   -0.492262  0.083060 -0.744993  \n",
       "Al    0.479404 -0.074402  0.598829  \n",
       "Si   -0.102151 -0.094201  0.151565  \n",
       "K    -0.042618 -0.007719 -0.010054  \n",
       "Ca   -0.112841  0.124968  0.000952  \n",
       "Ba    1.000000 -0.058692  0.575161  \n",
       "Fe   -0.058692  1.000000 -0.188278  \n",
       "Type  0.575161 -0.188278  1.000000  "
      ]
     },
     "execution_count": 3,
     "metadata": {},
     "output_type": "execute_result"
    }
   ],
   "source": [
    "df.corr()"
   ]
  },
  {
   "cell_type": "code",
   "execution_count": 4,
   "id": "661faee7-4807-4898-b5d1-ba638032fe19",
   "metadata": {},
   "outputs": [
    {
     "name": "stdout",
     "output_type": "stream",
     "text": [
      "<class 'pandas.core.frame.DataFrame'>\n",
      "RangeIndex: 214 entries, 0 to 213\n",
      "Data columns (total 10 columns):\n",
      " #   Column  Non-Null Count  Dtype  \n",
      "---  ------  --------------  -----  \n",
      " 0   RI      214 non-null    float64\n",
      " 1   Na      214 non-null    float64\n",
      " 2   Mg      214 non-null    float64\n",
      " 3   Al      214 non-null    float64\n",
      " 4   Si      214 non-null    float64\n",
      " 5   K       214 non-null    float64\n",
      " 6   Ca      214 non-null    float64\n",
      " 7   Ba      214 non-null    float64\n",
      " 8   Fe      214 non-null    float64\n",
      " 9   Type    214 non-null    int64  \n",
      "dtypes: float64(9), int64(1)\n",
      "memory usage: 16.8 KB\n"
     ]
    }
   ],
   "source": [
    "df.info()"
   ]
  },
  {
   "cell_type": "code",
   "execution_count": 5,
   "id": "4dcaaa4c-e15d-4dcc-8eb2-da5dfccbc3aa",
   "metadata": {},
   "outputs": [
    {
     "data": {
      "text/plain": [
       "RI      0\n",
       "Na      0\n",
       "Mg      0\n",
       "Al      0\n",
       "Si      0\n",
       "K       0\n",
       "Ca      0\n",
       "Ba      0\n",
       "Fe      0\n",
       "Type    0\n",
       "dtype: int64"
      ]
     },
     "execution_count": 5,
     "metadata": {},
     "output_type": "execute_result"
    }
   ],
   "source": [
    "df.isna().sum()"
   ]
  },
  {
   "cell_type": "code",
   "execution_count": 6,
   "id": "b1dde29a-3563-4753-b5b0-65e15e32e7d4",
   "metadata": {},
   "outputs": [],
   "source": [
    "X = df.drop(['Type'], axis=1)\n",
    "Y = df['Type']"
   ]
  },
  {
   "cell_type": "code",
   "execution_count": 7,
   "id": "8c412418-4f25-4268-a472-f35309d3a141",
   "metadata": {},
   "outputs": [],
   "source": [
    "from sklearn.model_selection import train_test_split\n",
    "\n",
    "# split the data into train and test datasets\n",
    "x_train, x_test, y_train, y_test = train_test_split(X, Y, train_size=0.7, random_state=12345)"
   ]
  },
  {
   "cell_type": "code",
   "execution_count": 8,
   "id": "71191373-0e93-43ed-8465-f9e2d3b64166",
   "metadata": {},
   "outputs": [],
   "source": [
    "def svmModel():\n",
    "    from sklearn.svm import SVC\n",
    "    model = SVC()\n",
    "    model.fit(x_train,y_train)\n",
    "    return model"
   ]
  },
  {
   "cell_type": "code",
   "execution_count": 9,
   "id": "13bbf6b7-e263-401e-8934-0a775d529594",
   "metadata": {},
   "outputs": [],
   "source": [
    "def knn():\n",
    "    from sklearn.neighbors import KNeighborsClassifier\n",
    "    model = KNeighborsClassifier(n_neighbors=9)\n",
    "    model.fit(x_train,y_train)\n",
    "    return model"
   ]
  },
  {
   "cell_type": "code",
   "execution_count": 10,
   "id": "78152d5f-dcf1-4b52-a049-67859e433865",
   "metadata": {},
   "outputs": [],
   "source": [
    "knn_model = knn()\n",
    "svm_model= svmModel()"
   ]
  },
  {
   "cell_type": "code",
   "execution_count": 11,
   "id": "adb7aaaa-033f-4191-8ef8-caffa42b6a72",
   "metadata": {},
   "outputs": [],
   "source": [
    "from sklearn.metrics import confusion_matrix, accuracy_score, precision_score, f1_score, recall_score\n",
    "def evaluate(model):\n",
    "    y_true = y_test\n",
    "    y_pred = model.predict(x_test)\n",
    "      \n",
    "    cm = confusion_matrix(y_true, y_pred)\n",
    "    print(cm)\n",
    "\n",
    "    \n",
    "    print(f\"accuracy = {accuracy_score(y_true, y_pred) * 100:.2f}%\")\n",
    "    print(f\"precision = {precision_score(y_true, y_pred,average='macro') * 100:.2f}%\")\n",
    "    print(f\"recall = {recall_score(y_true, y_pred,average='macro') * 100:.2f}%\")\n",
    "    print(f\"F1 score = {f1_score(y_true, y_pred,average='macro') * 100:.2f}%\")"
   ]
  },
  {
   "cell_type": "code",
   "execution_count": 12,
   "id": "c3981f9e-17cd-4fdb-8fb3-8d58550cadd2",
   "metadata": {},
   "outputs": [
    {
     "name": "stdout",
     "output_type": "stream",
     "text": [
      "[[19  2  0  0  0  0]\n",
      " [ 7 12  0  1  1  0]\n",
      " [ 6  1  0  0  0  0]\n",
      " [ 0  1  0  2  0  1]\n",
      " [ 1  1  0  0  0  1]\n",
      " [ 1  3  0  0  0  5]]\n",
      "accuracy = 58.46%\n",
      "precision = 42.33%\n",
      "recall = 42.20%\n",
      "F1 score = 41.21%\n"
     ]
    },
    {
     "name": "stderr",
     "output_type": "stream",
     "text": [
      "C:\\Users\\subha\\AppData\\Local\\Programs\\Python\\Python311\\Lib\\site-packages\\sklearn\\metrics\\_classification.py:1469: UndefinedMetricWarning: Precision is ill-defined and being set to 0.0 in labels with no predicted samples. Use `zero_division` parameter to control this behavior.\n",
      "  _warn_prf(average, modifier, msg_start, len(result))\n"
     ]
    }
   ],
   "source": [
    "evaluate(knn_model)"
   ]
  },
  {
   "cell_type": "code",
   "execution_count": 13,
   "id": "57c78c7e-8e2b-4715-8c2b-a6b987db5b34",
   "metadata": {},
   "outputs": [
    {
     "name": "stdout",
     "output_type": "stream",
     "text": [
      "[[ 0 21  0  0  0  0]\n",
      " [ 0 21  0  0  0  0]\n",
      " [ 0  7  0  0  0  0]\n",
      " [ 0  4  0  0  0  0]\n",
      " [ 0  3  0  0  0  0]\n",
      " [ 0  9  0  0  0  0]]\n",
      "accuracy = 32.31%\n",
      "precision = 5.38%\n",
      "recall = 16.67%\n",
      "F1 score = 8.14%\n"
     ]
    },
    {
     "name": "stderr",
     "output_type": "stream",
     "text": [
      "C:\\Users\\subha\\AppData\\Local\\Programs\\Python\\Python311\\Lib\\site-packages\\sklearn\\metrics\\_classification.py:1469: UndefinedMetricWarning: Precision is ill-defined and being set to 0.0 in labels with no predicted samples. Use `zero_division` parameter to control this behavior.\n",
      "  _warn_prf(average, modifier, msg_start, len(result))\n"
     ]
    }
   ],
   "source": [
    "evaluate(svm_model)"
   ]
  }
 ],
 "metadata": {
  "kernelspec": {
   "display_name": "Python 3 (ipykernel)",
   "language": "python",
   "name": "python3"
  },
  "language_info": {
   "codemirror_mode": {
    "name": "ipython",
    "version": 3
   },
   "file_extension": ".py",
   "mimetype": "text/x-python",
   "name": "python",
   "nbconvert_exporter": "python",
   "pygments_lexer": "ipython3",
   "version": "3.11.5"
  }
 },
 "nbformat": 4,
 "nbformat_minor": 5
}
